SCF energies (0.74 Å):
aV10Z:  -1.133637 35055 (G16 by Susi Lehtola) 
HelFEM: -1.133637 71879 (needs to be checked for convergence in 0.1 uH digit)

FCI energies:
aV7Z:  -1.1744065 69150
aV8Z:  -1.1744317 57958
aV9Z:  -1.1744448 84868 (1.5TB fort.55, 274G fort.30, 270G MOABCD)

aV10Z: −1.174453 by Feller (2016 electron affinities paper) at re = 0.74145 Å
