aV7Z: -1.1744065 69150
aV8Z: -1.1744317 57958
aV9Z: -1.1744448 84868 (1.5TB fort.55, 274G fort.30, 270G MOABCD)
