#INFO: **** input file is /scratch/jaafar1/PySCF-MRCC/Oxygen/Cation/+1/aCV7Z-U/X2C/input.py ****
import pyscf
from pyscf import cc, lib, tools, scf, symm, ao2mo
from pyscf.gto.basis import parse_gaussian
from pyscf.cc.mrcc import MRCCInterface
from pyscf.scf import atom_hf, hf

name = 'out'
mol = pyscf.M(
    atom = '''
        O
    ''',
    unit = 'angstrom',
    basis = {
            'O' : parse_gaussian.load('O-aCV7Z-FELLER-U.gbs', 'O')
    },
    charge = 1,
    spin = 3,
    symmetry = True,
    verbose = 9,
    symmetry_subgroup = 'D2h',
    output = name +'.txt',
    max_memory = 755000,
)

mf = mol.UHF().set(
    conv_tol=1e-8,
    max_cycle=9999,
    ddm_tol=1e-9,
    direct_scf=False,
    chkfile='/home/jaafar1/links/scratch/PySCF-MRCC/Oxygen/Cation/+1/aCV7Z-U/X2C/out.chk',
    init_guess='chk',
    irrep_nelec={'Ag': 4, 'B3u': 1, 'B2u': 1, 'B1u': 1}
).sfx2c1e()

mf.kernel()

#pyscf.tools.fcidump.from_chkfile_uhf('fort.55',name+'.chk',tol=1e-18, float_format='% 0.20E',molpro_orbsym=False,orbsym=None)
pyscf.tools.fcidump.from_scf_uhf(mf,'fort.55',tol=1e-18, float_format='% 0.20E',molpro_orbsym=False)
#INFO: ******************** input file end ********************


System: uname_result(system='Linux', node='tri0042', release='5.14.0-570.25.1.el9_6.x86_64', version='#1 SMP PREEMPT_DYNAMIC Mon Jul 7 18:09:10 UTC 2025', machine='x86_64')  Threads 192
Python 3.13.2 (main, Feb  5 2025, 15:06:39) [GCC 13.3.0]
numpy 2.2.2  scipy 1.15.1  h5py 3.13.0
Date: Sat Oct  4 05:42:27 2025
PySCF version 2.10.0
PySCF path  /home/jaafar1/links/projects/rrg-tzeng/jaafar1/VENV/MRCCInterface/lib/python3.13/site-packages/pyscf

[CONFIG] ARGPARSE = False
[CONFIG] DEBUG = False
[CONFIG] MAX_MEMORY = 4000
[CONFIG] TMPDIR = /tmp
[CONFIG] UNIT = angstrom
[CONFIG] VERBOSE = 3
[CONFIG] conf_file = None
[INPUT] verbose = 9
[INPUT] max_memory = 755000 
[INPUT] num. atoms = 1
[INPUT] num. electrons = 7
[INPUT] charge = 1
[INPUT] spin (= nelec alpha-beta = 2S) = 3
[INPUT] symmetry True subgroup D2h
[INPUT] Mole.unit = angstrom
[INPUT] Symbol           X                Y                Z      unit          X                Y                Z       unit  Magmom
[INPUT]  1 O      0.000000000000   0.000000000000   0.000000000000 AA    0.000000000000   0.000000000000   0.000000000000 Bohr   0.0
[INPUT] ---------------- BASIS SET ---------------- 
[INPUT] l, kappa, [nprim/nctr], expnt,             c_1 c_2 ...
[INPUT] O
[INPUT] 0    0    [1    /1   ]  1678790              1
[INPUT] 0    0    [1    /1   ]  251388               1
[INPUT] 0    0    [1    /1   ]  57213.7              1
[INPUT] 0    0    [1    /1   ]  16207.4              1
[INPUT] 0    0    [1    /1   ]  5288.28              1
[INPUT] 0    0    [1    /1   ]  1909.48              1
[INPUT] 0    0    [1    /1   ]  744.923              1
[INPUT] 0    0    [1    /1   ]  482.933              1
[INPUT] 0    0    [1    /1   ]  309.075              1
[INPUT] 0    0    [1    /1   ]  262.463              1
[INPUT] 0    0    [1    /1   ]  142.643              1
[INPUT] 0    0    [1    /1   ]  134.864              1
[INPUT] 0    0    [1    /1   ]  77.523               1
[INPUT] 0    0    [1    /1   ]  61.3313              1
[INPUT] 0    0    [1    /1   ]  42.132               1
[INPUT] 0    0    [1    /1   ]  28.838               1
[INPUT] 0    0    [1    /1   ]  22.898               1
[INPUT] 0    0    [1    /1   ]  13.945               1
[INPUT] 0    0    [1    /1   ]  6.89908              1
[INPUT] 0    0    [1    /1   ]  3.43158              1
[INPUT] 0    0    [1    /1   ]  1.53984              1
[INPUT] 0    0    [1    /1   ]  0.709751             1
[INPUT] 0    0    [1    /1   ]  0.323047             1
[INPUT] 0    0    [1    /1   ]  0.144222             1
[INPUT] 0    0    [1    /1   ]  0.05547              1
[INPUT] 1    0    [1    /1   ]  1349.06              1
[INPUT] 1    0    [1    /1   ]  521.189              1
[INPUT] 1    0    [1    /1   ]  319.457              1
[INPUT] 1    0    [1    /1   ]  261.289              1
[INPUT] 1    0    [1    /1   ]  130.992              1
[INPUT] 1    0    [1    /1   ]  103.78               1
[INPUT] 1    0    [1    /1   ]  65.671               1
[INPUT] 1    0    [1    /1   ]  39.6282              1
[INPUT] 1    0    [1    /1   ]  32.923               1
[INPUT] 1    0    [1    /1   ]  16.6614              1
[INPUT] 1    0    [1    /1   ]  16.505               1
[INPUT] 1    0    [1    /1   ]  7.46417              1
[INPUT] 1    0    [1    /1   ]  3.50933              1
[INPUT] 1    0    [1    /1   ]  1.69568              1
[INPUT] 1    0    [1    /1   ]  0.822742             1
[INPUT] 1    0    [1    /1   ]  0.395733             1
[INPUT] 1    0    [1    /1   ]  0.187644             1
[INPUT] 1    0    [1    /1   ]  0.085841             1
[INPUT] 1    0    [1    /1   ]  0.028614             1
[INPUT] 2    0    [1    /1   ]  390.029              1
[INPUT] 2    0    [1    /1   ]  191.817              1
[INPUT] 2    0    [1    /1   ]  94.336               1
[INPUT] 2    0    [1    /1   ]  46.395               1
[INPUT] 2    0    [1    /1   ]  22.817               1
[INPUT] 2    0    [1    /1   ]  10.0643              1
[INPUT] 2    0    [1    /1   ]  4.84326              1
[INPUT] 2    0    [1    /1   ]  2.33073              1
[INPUT] 2    0    [1    /1   ]  1.12162              1
[INPUT] 2    0    [1    /1   ]  0.53976              1
[INPUT] 2    0    [1    /1   ]  0.25975              1
[INPUT] 2    0    [1    /1   ]  0.1039               1
[INPUT] 3    0    [1    /1   ]  239.218              1
[INPUT] 3    0    [1    /1   ]  103.223              1
[INPUT] 3    0    [1    /1   ]  44.541               1
[INPUT] 3    0    [1    /1   ]  19.22                1
[INPUT] 3    0    [1    /1   ]  6.91171              1
[INPUT] 3    0    [1    /1   ]  3.41994              1
[INPUT] 3    0    [1    /1   ]  1.6922               1
[INPUT] 3    0    [1    /1   ]  0.83731              1
[INPUT] 3    0    [1    /1   ]  0.414305             1
[INPUT] 3    0    [1    /1   ]  0.172627             1
[INPUT] 4    0    [1    /1   ]  161.389              1
[INPUT] 4    0    [1    /1   ]  62.049               1
[INPUT] 4    0    [1    /1   ]  23.856               1
[INPUT] 4    0    [1    /1   ]  7.23799              1
[INPUT] 4    0    [1    /1   ]  3.41576              1
[INPUT] 4    0    [1    /1   ]  1.61197              1
[INPUT] 4    0    [1    /1   ]  0.760721             1
[INPUT] 4    0    [1    /1   ]  0.345782             1
[INPUT] 5    0    [1    /1   ]  112.323              1
[INPUT] 5    0    [1    /1   ]  37.616               1
[INPUT] 5    0    [1    /1   ]  5.73311              1
[INPUT] 5    0    [1    /1   ]  2.58248              1
[INPUT] 5    0    [1    /1   ]  1.16328              1
[INPUT] 5    0    [1    /1   ]  0.58164              1
[INPUT] 6    0    [1    /1   ]  73.62                1
[INPUT] 6    0    [1    /1   ]  4.813                1
[INPUT] 6    0    [1    /1   ]  2.078                1
[INPUT] 6    0    [1    /1   ]  1.039                1
[INPUT] 7    0    [1    /1   ]  3.123                1
[INPUT] 7    0    [1    /1   ]  1.232                1

nuclear repulsion = 0
point group symmetry = SO3, use subgroup D2h
symmetry origin: [0. 0. 0.]
symmetry axis x: [1. 0. 0.]
symmetry axis y: [0. 1. 0.]
symmetry axis z: [0. 0. 1.]
num. orbitals of irrep Ag = 89
num. orbitals of irrep B1g = 40
num. orbitals of irrep B2g = 40
num. orbitals of irrep B3g = 40
num. orbitals of irrep Au = 28
num. orbitals of irrep B1u = 65
num. orbitals of irrep B2u = 65
num. orbitals of irrep B3u = 65
number of shells = 86
number of NR pGTOs = 432
number of NR cGTOs = 432
basis = {'O': [[0, [1678790.0, 1.0]], [0, [251388.0, 1.0]], [0, [57213.7, 1.0]], [0, [16207.4, 1.0]], [0, [5288.28, 1.0]], [0, [1909.48, 1.0]], [0, [744.923, 1.0]], [0, [482.933, 1.0]], [0, [309.075, 1.0]], [0, [262.463, 1.0]], [0, [142.643, 1.0]], [0, [134.864, 1.0]], [0, [77.523, 1.0]], [0, [61.3313, 1.0]], [0, [42.132, 1.0]], [0, [28.838, 1.0]], [0, [22.898, 1.0]], [0, [13.945, 1.0]], [0, [6.89908, 1.0]], [0, [3.43158, 1.0]], [0, [1.53984, 1.0]], [0, [0.709751, 1.0]], [0, [0.323047, 1.0]], [0, [0.144222, 1.0]], [0, [0.05547, 1.0]], [1, [1349.06, 1.0]], [1, [521.189, 1.0]], [1, [319.457, 1.0]], [1, [261.289, 1.0]], [1, [130.992, 1.0]], [1, [103.78, 1.0]], [1, [65.671, 1.0]], [1, [39.6282, 1.0]], [1, [32.923, 1.0]], [1, [16.6614, 1.0]], [1, [16.505, 1.0]], [1, [7.46417, 1.0]], [1, [3.50933, 1.0]], [1, [1.69568, 1.0]], [1, [0.822742, 1.0]], [1, [0.395733, 1.0]], [1, [0.187644, 1.0]], [1, [0.085841, 1.0]], [1, [0.028614, 1.0]], [2, [390.029, 1.0]], [2, [191.817, 1.0]], [2, [94.336, 1.0]], [2, [46.395, 1.0]], [2, [22.817, 1.0]], [2, [10.0643, 1.0]], [2, [4.84326, 1.0]], [2, [2.33073, 1.0]], [2, [1.12162, 1.0]], [2, [0.53976, 1.0]], [2, [0.25975, 1.0]], [2, [0.1039, 1.0]], [3, [239.218, 1.0]], [3, [103.223, 1.0]], [3, [44.541, 1.0]], [3, [19.22, 1.0]], [3, [6.91171, 1.0]], [3, [3.41994, 1.0]], [3, [1.6922, 1.0]], [3, [0.83731, 1.0]], [3, [0.414305, 1.0]], [3, [0.172627, 1.0]], [4, [161.389, 1.0]], [4, [62.049, 1.0]], [4, [23.856, 1.0]], [4, [7.23799, 1.0]], [4, [3.41576, 1.0]], [4, [1.61197, 1.0]], [4, [0.760721, 1.0]], [4, [0.345782, 1.0]], [5, [112.323, 1.0]], [5, [37.616, 1.0]], [5, [5.73311, 1.0]], [5, [2.58248, 1.0]], [5, [1.16328, 1.0]], [5, [0.58164, 1.0]], [6, [73.62, 1.0]], [6, [4.813, 1.0]], [6, [2.078, 1.0]], [6, [1.039, 1.0]], [7, [3.123, 1.0]], [7, [1.232, 1.0]]]}
ecp = {}
bas 0, expnt(s) = [1678790.]
bas 1, expnt(s) = [251388.]
bas 2, expnt(s) = [57213.7]
bas 3, expnt(s) = [16207.4]
bas 4, expnt(s) = [5288.28]
bas 5, expnt(s) = [1909.48]
bas 6, expnt(s) = [744.923]
bas 7, expnt(s) = [482.933]
bas 8, expnt(s) = [309.075]
bas 9, expnt(s) = [262.463]
bas 10, expnt(s) = [142.643]
bas 11, expnt(s) = [134.864]
bas 12, expnt(s) = [77.523]
bas 13, expnt(s) = [61.3313]
bas 14, expnt(s) = [42.132]
bas 15, expnt(s) = [28.838]
bas 16, expnt(s) = [22.898]
bas 17, expnt(s) = [13.945]
bas 18, expnt(s) = [6.89908]
bas 19, expnt(s) = [3.43158]
bas 20, expnt(s) = [1.53984]
bas 21, expnt(s) = [0.709751]
bas 22, expnt(s) = [0.323047]
bas 23, expnt(s) = [0.144222]
bas 24, expnt(s) = [0.05547]
bas 25, expnt(s) = [1349.06]
bas 26, expnt(s) = [521.189]
bas 27, expnt(s) = [319.457]
bas 28, expnt(s) = [261.289]
bas 29, expnt(s) = [130.992]
bas 30, expnt(s) = [103.78]
bas 31, expnt(s) = [65.671]
bas 32, expnt(s) = [39.6282]
bas 33, expnt(s) = [32.923]
bas 34, expnt(s) = [16.6614]
bas 35, expnt(s) = [16.505]
bas 36, expnt(s) = [7.46417]
bas 37, expnt(s) = [3.50933]
bas 38, expnt(s) = [1.69568]
bas 39, expnt(s) = [0.822742]
bas 40, expnt(s) = [0.395733]
bas 41, expnt(s) = [0.187644]
bas 42, expnt(s) = [0.085841]
bas 43, expnt(s) = [0.028614]
bas 44, expnt(s) = [390.029]
bas 45, expnt(s) = [191.817]
bas 46, expnt(s) = [94.336]
bas 47, expnt(s) = [46.395]
bas 48, expnt(s) = [22.817]
bas 49, expnt(s) = [10.0643]
bas 50, expnt(s) = [4.84326]
bas 51, expnt(s) = [2.33073]
bas 52, expnt(s) = [1.12162]
bas 53, expnt(s) = [0.53976]
bas 54, expnt(s) = [0.25975]
bas 55, expnt(s) = [0.1039]
bas 56, expnt(s) = [239.218]
bas 57, expnt(s) = [103.223]
bas 58, expnt(s) = [44.541]
bas 59, expnt(s) = [19.22]
bas 60, expnt(s) = [6.91171]
bas 61, expnt(s) = [3.41994]
bas 62, expnt(s) = [1.6922]
bas 63, expnt(s) = [0.83731]
bas 64, expnt(s) = [0.414305]
bas 65, expnt(s) = [0.172627]
bas 66, expnt(s) = [161.389]
bas 67, expnt(s) = [62.049]
bas 68, expnt(s) = [23.856]
bas 69, expnt(s) = [7.23799]
bas 70, expnt(s) = [3.41576]
bas 71, expnt(s) = [1.61197]
bas 72, expnt(s) = [0.760721]
bas 73, expnt(s) = [0.345782]
bas 74, expnt(s) = [112.323]
bas 75, expnt(s) = [37.616]
bas 76, expnt(s) = [5.73311]
bas 77, expnt(s) = [2.58248]
bas 78, expnt(s) = [1.16328]
bas 79, expnt(s) = [0.58164]
bas 80, expnt(s) = [73.62]
bas 81, expnt(s) = [4.813]
bas 82, expnt(s) = [2.078]
bas 83, expnt(s) = [1.039]
bas 84, expnt(s) = [3.123]
bas 85, expnt(s) = [1.232]
CPU time:         0.30
arg.atm = [[ 8 20  1 23  0  0]]
arg.bas = [[  0   0   1   1   0  24  25   0]
 [  0   0   1   1   0  26  27   0]
 [  0   0   1   1   0  28  29   0]
 [  0   0   1   1   0  30  31   0]
 [  0   0   1   1   0  32  33   0]
 [  0   0   1   1   0  34  35   0]
 [  0   0   1   1   0  36  37   0]
 [  0   0   1   1   0  38  39   0]
 [  0   0   1   1   0  40  41   0]
 [  0   0   1   1   0  42  43   0]
 [  0   0   1   1   0  44  45   0]
 [  0   0   1   1   0  46  47   0]
 [  0   0   1   1   0  48  49   0]
 [  0   0   1   1   0  50  51   0]
 [  0   0   1   1   0  52  53   0]
 [  0   0   1   1   0  54  55   0]
 [  0   0   1   1   0  56  57   0]
 [  0   0   1   1   0  58  59   0]
 [  0   0   1   1   0  60  61   0]
 [  0   0   1   1   0  62  63   0]
 [  0   0   1   1   0  64  65   0]
 [  0   0   1   1   0  66  67   0]
 [  0   0   1   1   0  68  69   0]
 [  0   0   1   1   0  70  71   0]
 [  0   0   1   1   0  72  73   0]
 [  0   1   1   1   0  74  75   0]
 [  0   1   1   1   0  76  77   0]
 [  0   1   1   1   0  78  79   0]
 [  0   1   1   1   0  80  81   0]
 [  0   1   1   1   0  82  83   0]
 [  0   1   1   1   0  84  85   0]
 [  0   1   1   1   0  86  87   0]
 [  0   1   1   1   0  88  89   0]
 [  0   1   1   1   0  90  91   0]
 [  0   1   1   1   0  92  93   0]
 [  0   1   1   1   0  94  95   0]
 [  0   1   1   1   0  96  97   0]
 [  0   1   1   1   0  98  99   0]
 [  0   1   1   1   0 100 101   0]
 [  0   1   1   1   0 102 103   0]
 [  0   1   1   1   0 104 105   0]
 [  0   1   1   1   0 106 107   0]
 [  0   1   1   1   0 108 109   0]
 [  0   1   1   1   0 110 111   0]
 [  0   2   1   1   0 112 113   0]
 [  0   2   1   1   0 114 115   0]
 [  0   2   1   1   0 116 117   0]
 [  0   2   1   1   0 118 119   0]
 [  0   2   1   1   0 120 121   0]
 [  0   2   1   1   0 122 123   0]
 [  0   2   1   1   0 124 125   0]
 [  0   2   1   1   0 126 127   0]
 [  0   2   1   1   0 128 129   0]
 [  0   2   1   1   0 130 131   0]
 [  0   2   1   1   0 132 133   0]
 [  0   2   1   1   0 134 135   0]
 [  0   3   1   1   0 136 137   0]
 [  0   3   1   1   0 138 139   0]
 [  0   3   1   1   0 140 141   0]
 [  0   3   1   1   0 142 143   0]
 [  0   3   1   1   0 144 145   0]
 [  0   3   1   1   0 146 147   0]
 [  0   3   1   1   0 148 149   0]
 [  0   3   1   1   0 150 151   0]
 [  0   3   1   1   0 152 153   0]
 [  0   3   1   1   0 154 155   0]
 [  0   4   1   1   0 156 157   0]
 [  0   4   1   1   0 158 159   0]
 [  0   4   1   1   0 160 161   0]
 [  0   4   1   1   0 162 163   0]
 [  0   4   1   1   0 164 165   0]
 [  0   4   1   1   0 166 167   0]
 [  0   4   1   1   0 168 169   0]
 [  0   4   1   1   0 170 171   0]
 [  0   5   1   1   0 172 173   0]
 [  0   5   1   1   0 174 175   0]
 [  0   5   1   1   0 176 177   0]
 [  0   5   1   1   0 178 179   0]
 [  0   5   1   1   0 180 181   0]
 [  0   5   1   1   0 182 183   0]
 [  0   6   1   1   0 184 185   0]
 [  0   6   1   1   0 186 187   0]
 [  0   6   1   1   0 188 189   0]
 [  0   6   1   1   0 190 191   0]
 [  0   7   1   1   0 192 193   0]
 [  0   7   1   1   0 194 195   0]]
arg.env = [0.00000000e+00 0.00000000e+00 0.00000000e+00 0.00000000e+00
 0.00000000e+00 0.00000000e+00 0.00000000e+00 0.00000000e+00
 0.00000000e+00 0.00000000e+00 0.00000000e+00 0.00000000e+00
 0.00000000e+00 0.00000000e+00 0.00000000e+00 0.00000000e+00
 0.00000000e+00 0.00000000e+00 0.00000000e+00 0.00000000e+00
 0.00000000e+00 0.00000000e+00 0.00000000e+00 0.00000000e+00
 1.67879000e+06 1.17831744e+05 2.51388000e+05 2.83643889e+04
 5.72137000e+04 9.34630717e+03 1.62074000e+04 3.62910921e+03
 5.28828000e+03 1.56675416e+03 1.90948000e+03 7.29795800e+02
 7.44923000e+02 3.60245498e+02 4.82933000e+02 2.60273640e+02
 3.09075000e+02 1.86235699e+02 2.62463000e+02 1.64746460e+02
 1.42643000e+02 1.04280444e+02 1.34864000e+02 9.99855066e+01
 7.75230000e+01 6.60066896e+01 6.13313000e+01 5.53702714e+01
 4.21320000e+01 4.17805431e+01 2.88380000e+01 3.14404590e+01
 2.28980000e+01 2.64461945e+01 1.39450000e+01 1.82317733e+01
 6.89908000e+00 1.07549504e+01 3.43158000e+00 6.36994409e+00
 1.53984000e+00 3.49238185e+00 7.09751000e-01 1.95363998e+00
 3.23047000e-01 1.08259074e+00 1.44222000e-01 5.91273833e-01
 5.54700000e-02 2.88774372e-01 1.34906000e+03 2.38519272e+04
 5.21189000e+02 7.26487998e+03 3.19457000e+02 3.94003340e+03
 2.61289000e+02 3.06468471e+03 1.30992000e+02 1.29282684e+03
 1.03780000e+02 9.66332254e+02 6.56710000e+01 5.45382790e+02
 3.96282000e+01 2.90061324e+02 3.29230000e+01 2.30069286e+02
 1.66614000e+01 9.82027741e+01 1.65050000e+01 9.70518467e+01
 7.46417000e+00 3.59924405e+01 3.50933000e+00 1.40124686e+01
 1.69568000e+00 5.64500414e+00 8.22742000e-01 2.28593553e+00
 3.95733000e-01 9.15666292e-01 1.87644000e-01 3.60290446e-01
 8.58410000e-02 1.35551040e-01 2.86140000e-02 3.43326723e-02
 3.90029000e+02 8.93200506e+04 1.91817000e+02 2.57977483e+04
 9.43360000e+01 7.45100640e+03 4.63950000e+01 2.15205789e+03
 2.28170000e+01 6.21558250e+02 1.00643000e+01 1.48388635e+02
 4.84326000e+00 4.12591720e+01 2.33073000e+00 1.14720314e+01
 1.12162000e+00 3.18977052e+00 5.39760000e-01 8.86912153e-01
 2.59750000e-01 2.46604848e-01 1.03900000e-01 4.96142687e-02
 2.39218000e+02 4.43911643e+05 1.03223000e+02 6.69896077e+04
 4.45410000e+01 1.01092812e+04 1.92200000e+01 1.52565197e+03
 6.91171000e+00 1.52783957e+02 3.41994000e+00 3.13727044e+01
 1.69220000e+00 6.44208819e+00 8.37310000e-01 1.32283138e+00
 4.14305000e-01 2.71631889e-01 1.72627000e-01 3.78882886e-02
 1.61389000e+02 1.55085935e+06 6.20490000e+01 1.11928263e+05
 2.38560000e+01 8.07816230e+03 7.23799000e+00 3.03996473e+02
 3.41576000e+00 3.85486622e+01 1.61197000e+00 4.88821983e+00
 7.60721000e-01 6.19853371e-01 3.45782000e-01 7.08966400e-02
 1.12323000e+02 3.65827216e+06 3.76160000e+01 1.04523452e+05
 5.73311000e+00 2.31217738e+02 2.58248000e+00 1.73130227e+01
 1.16328000e+00 1.29636293e+00 5.81640000e-01 1.36263368e-01
 7.36200000e+01 4.41108447e+06 4.81300000e+00 1.59356784e+02
 2.07800000e+00 6.83096189e+00 1.03900000e+00 5.07714280e-01
 3.12300000e+00 2.87227736e+01 1.23200000e+00 5.51303754e-01]
ecpbas  = []


******** <class 'pyscf.x2c.sfx2c1e.sfX2C1eSymAdaptedUHF'> ********
method = sfX2C1eSymAdaptedUHF
initial guess = chk
damping factor = 0
level_shift factor = 0
DIIS = <class 'pyscf.scf.diis.CDIIS'>
diis_start_cycle = 1
diis_space = 8
diis_damp = 0
SCF conv_tol = 1e-08
SCF conv_tol_grad = None
SCF ddm_tol = 1e-09
SCF max_cycles = 9999
direct_scf = False
chkfile to save SCF result = /home/jaafar1/links/scratch/PySCF-MRCC/Oxygen/Cation/+1/aCV7Z-U/X2C/out.chk
max_memory 755000 MB (current use 108 MB)
number electrons alpha = 5  beta = 2
irrep_nelec {'Ag': 4, 'B3u': 1, 'B2u': 1, 'B1u': 1}


******** <class 'pyscf.x2c.sfx2c1e.SpinFreeX2CHelper'> ********
approx = 1e
xuncontract = 1
Freeze 7 electrons in irreps ['Ag', 'B3u', 'B2u', 'B1u']
    0 free electrons in irreps B1g B2g B3g Au
cond(S) = 15386311858.224524

WARN: Singularity detected in overlap matrix (condition number = 1.54e+10). SCF may be inaccurate and hard to converge.

Set gradient conv threshold to 0.0001
Nelec from initial guess = (np.float64(5.0), np.float64(1.9999999999999996))
E1 = -98.54365973992697  Ecoul = 24.113798176397395
init E= -74.4298615635296
    CPU time for initialize scf   1094.89 sec, wall time     10.76 sec
alpha HOMO (B1u) = -1.33045064913874  LUMO (Ag) = -0.147985502758801
alpha irrep_nelec = [2, 0, 0, 0, 0, 1, 1, 1]
beta  irrep_nelec = [2, 0, 0, 0, 0, 0, 0, 0]
alpha-Ag nocc = 2  HOMO = -2.07374916195594  LUMO = -0.147985502758801
   mo_energy = [-2.14255004e+01 -2.07374916e+00 -1.47985503e-01  6.47746672e-02
  6.47746673e-02  1.94634402e-01  5.60694942e-01  5.60694942e-01
  1.27462826e+00  1.37251015e+00  1.37251015e+00  1.37251015e+00
  1.65934376e+00  1.65934376e+00  3.96325441e+00  3.96325441e+00
  3.96325441e+00  4.03847339e+00  4.03847339e+00  4.27154641e+00
  6.67681908e+00  6.67681908e+00  6.67681908e+00  6.67681908e+00
  9.12019724e+00  9.12019724e+00  9.26807752e+00  9.26807752e+00
  9.26807752e+00  1.16949558e+01  1.61798862e+01  1.61798862e+01
  1.61798862e+01  1.61798862e+01  2.00039849e+01  2.00039849e+01
  2.04661837e+01  2.04661837e+01  2.04661837e+01  2.78498269e+01
  3.83166338e+01  3.83166338e+01  3.83166338e+01  3.83166338e+01
  4.36049069e+01  4.36049069e+01  4.55498027e+01  4.55498027e+01
  4.55498027e+01  5.83546096e+01  9.62740380e+01  9.62740380e+01
  1.09511217e+02  1.27865961e+02  1.27865961e+02  1.27865961e+02
  1.88640654e+02  2.10161663e+02  2.10161663e+02  3.05538797e+02
  3.52847546e+02  3.52847546e+02  3.52847546e+02  4.48884341e+02
  4.48884341e+02  4.74353504e+02  5.21018975e+02  5.21018975e+02
  5.21018975e+02  5.21018975e+02  7.16010550e+02  9.50730964e+02
  9.50730964e+02  9.60314894e+02  9.60314894e+02  9.60314894e+02
  1.06137639e+03  1.55686052e+03  2.04793730e+03  2.04793730e+03
  2.27373243e+03  3.33084887e+03  4.95991309e+03  7.85253942e+03
  1.39778416e+04  2.76886418e+04  5.80940699e+04  1.28793949e+05
  3.28031754e+05]
alpha-B1g nocc = 0
   mo_energy = [6.47746672e-02 5.60694942e-01 1.37251015e+00 1.37251015e+00
 1.65934376e+00 3.96325441e+00 3.96325441e+00 4.03847339e+00
 6.67681908e+00 6.67681908e+00 6.67681908e+00 9.12019724e+00
 9.26807752e+00 9.26807752e+00 1.61798862e+01 1.61798862e+01
 1.61798862e+01 2.00039849e+01 2.04661837e+01 2.04661837e+01
 3.83166338e+01 3.83166338e+01 3.83166338e+01 4.36049069e+01
 4.55498027e+01 4.55498027e+01 9.62740380e+01 1.27865961e+02
 1.27865961e+02 2.10161663e+02 3.52847546e+02 3.52847546e+02
 4.48884341e+02 5.21018975e+02 5.21018975e+02 5.21018975e+02
 9.50730964e+02 9.60314894e+02 9.60314894e+02 2.04793730e+03]
alpha-B2g nocc = 0
   mo_energy = [6.47746673e-02 5.60694942e-01 1.37251015e+00 1.37251015e+00
 1.65934376e+00 3.96325441e+00 3.96325441e+00 4.03847339e+00
 6.67681908e+00 6.67681908e+00 6.67681908e+00 9.12019724e+00
 9.26807752e+00 9.26807752e+00 1.61798862e+01 1.61798862e+01
 1.61798862e+01 2.00039849e+01 2.04661837e+01 2.04661837e+01
 3.83166338e+01 3.83166338e+01 3.83166338e+01 4.36049069e+01
 4.55498027e+01 4.55498027e+01 9.62740380e+01 1.27865961e+02
 1.27865961e+02 2.10161663e+02 3.52847546e+02 3.52847546e+02
 4.48884341e+02 5.21018975e+02 5.21018975e+02 5.21018975e+02
 9.50730964e+02 9.60314894e+02 9.60314894e+02 2.04793730e+03]
alpha-B3g nocc = 0
   mo_energy = [6.47746672e-02 5.60694942e-01 1.37251015e+00 1.37251015e+00
 1.65934376e+00 3.96325441e+00 3.96325441e+00 4.03847339e+00
 6.67681908e+00 6.67681908e+00 6.67681908e+00 9.12019724e+00
 9.26807752e+00 9.26807752e+00 1.61798862e+01 1.61798862e+01
 1.61798862e+01 2.00039849e+01 2.04661837e+01 2.04661837e+01
 3.83166338e+01 3.83166338e+01 3.83166338e+01 4.36049069e+01
 4.55498027e+01 4.55498027e+01 9.62740380e+01 1.27865961e+02
 1.27865961e+02 2.10161663e+02 3.52847546e+02 3.52847546e+02
 4.48884341e+02 5.21018975e+02 5.21018975e+02 5.21018975e+02
 9.50730964e+02 9.60314894e+02 9.60314894e+02 2.04793730e+03]
alpha-Au nocc = 0
   mo_energy = [4.20520111e-01 1.54324100e+00 3.01717764e+00 3.01717764e+00
 3.82861874e+00 7.68947089e+00 7.68947089e+00 8.41471258e+00
 9.61504068e+00 9.61504068e+00 9.61504068e+00 1.76593568e+01
 1.76593568e+01 1.78286902e+01 2.66903768e+01 2.66903768e+01
 2.66903768e+01 3.79827265e+01 4.08428437e+01 4.08428437e+01
 9.10001445e+01 2.22688576e+02 2.23681715e+02 2.23681715e+02
 5.36958827e+02 7.30503065e+02 7.30503065e+02 1.31006065e+03]
alpha-B1u nocc = 1  HOMO = -1.33045064913874  LUMO = -0.101111184886115
   mo_energy = [-1.33045065e+00 -1.01111185e-01  4.43061355e-02  4.20520111e-01
  4.20520111e-01  4.89964547e-01  1.54324100e+00  1.54324100e+00
  1.63211354e+00  3.01717764e+00  3.01717764e+00  3.01717764e+00
  3.82861874e+00  3.82861874e+00  4.25124895e+00  7.68947089e+00
  7.68947089e+00  7.68947089e+00  8.41471258e+00  8.41471258e+00
  9.61504068e+00  9.61504068e+00  9.61504068e+00  9.61504068e+00
  9.93600391e+00  1.76593568e+01  1.76593568e+01  1.76593568e+01
  1.78286902e+01  1.78286902e+01  2.17505602e+01  2.66903768e+01
  2.66903768e+01  2.66903768e+01  2.66903768e+01  3.79827265e+01
  3.79827265e+01  4.08428437e+01  4.08428437e+01  4.08428437e+01
  4.44388573e+01  8.36623288e+01  9.10001445e+01  9.10001445e+01
  1.46335515e+02  2.22688576e+02  2.22688576e+02  2.23681715e+02
  2.23681715e+02  2.23681715e+02  2.42586673e+02  3.88274240e+02
  5.36958827e+02  5.36958827e+02  6.09179515e+02  7.30503065e+02
  7.30503065e+02  7.30503065e+02  9.45405540e+02  1.31006065e+03
  1.31006065e+03  1.46632417e+03  2.28535432e+03  3.62840859e+03
  6.30707539e+03]
alpha-B2u nocc = 1  HOMO = -1.33045064914359  LUMO = -0.101111184892373
   mo_energy = [-1.33045065e+00 -1.01111185e-01  4.43061355e-02  4.20520111e-01
  4.20520111e-01  4.89964547e-01  1.54324100e+00  1.54324100e+00
  1.63211354e+00  3.01717764e+00  3.01717764e+00  3.01717764e+00
  3.82861874e+00  3.82861874e+00  4.25124895e+00  7.68947089e+00
  7.68947089e+00  7.68947089e+00  8.41471258e+00  8.41471258e+00
  9.61504068e+00  9.61504068e+00  9.61504068e+00  9.61504068e+00
  9.93600391e+00  1.76593568e+01  1.76593568e+01  1.76593568e+01
  1.78286902e+01  1.78286902e+01  2.17505602e+01  2.66903768e+01
  2.66903768e+01  2.66903768e+01  2.66903768e+01  3.79827265e+01
  3.79827265e+01  4.08428437e+01  4.08428437e+01  4.08428437e+01
  4.44388573e+01  8.36623286e+01  9.10001445e+01  9.10001445e+01
  1.46335515e+02  2.22688576e+02  2.22688576e+02  2.23681715e+02
  2.23681715e+02  2.23681715e+02  2.42586673e+02  3.88274240e+02
  5.36958827e+02  5.36958827e+02  6.09179517e+02  7.30503065e+02
  7.30503065e+02  7.30503065e+02  9.45405540e+02  1.31006065e+03
  1.31006065e+03  1.46632417e+03  2.28535432e+03  3.62840859e+03
  6.30707539e+03]
alpha-B3u nocc = 1  HOMO = -1.33045064914678  LUMO = -0.101111184885231
   mo_energy = [-1.33045065e+00 -1.01111185e-01  4.43061355e-02  4.20520111e-01
  4.20520111e-01  4.89964547e-01  1.54324100e+00  1.54324100e+00
  1.63211354e+00  3.01717764e+00  3.01717764e+00  3.01717764e+00
  3.82861874e+00  3.82861874e+00  4.25124895e+00  7.68947089e+00
  7.68947089e+00  7.68947089e+00  8.41471258e+00  8.41471258e+00
  9.61504068e+00  9.61504068e+00  9.61504068e+00  9.61504068e+00
  9.93600392e+00  1.76593568e+01  1.76593568e+01  1.76593568e+01
  1.78286902e+01  1.78286902e+01  2.17505603e+01  2.66903768e+01
  2.66903768e+01  2.66903768e+01  2.66903768e+01  3.79827265e+01
  3.79827265e+01  4.08428437e+01  4.08428437e+01  4.08428437e+01
  4.44388576e+01  8.36623292e+01  9.10001445e+01  9.10001445e+01
  1.46335517e+02  2.22688576e+02  2.22688576e+02  2.23681715e+02
  2.23681715e+02  2.23681715e+02  2.42586674e+02  3.88274241e+02
  5.36958827e+02  5.36958827e+02  6.09179518e+02  7.30503065e+02
  7.30503065e+02  7.30503065e+02  9.45405541e+02  1.31006065e+03
  1.31006065e+03  1.46632417e+03  2.28535432e+03  3.62840859e+03
  6.30707539e+03]
beta-Ag nocc = 2  HOMO = -1.53259762147698  LUMO = -0.134548109120952
   mo_energy = [-2.12928761e+01 -1.53259762e+00 -1.34548109e-01  7.08082188e-02
  7.08082188e-02  2.28228716e-01  6.04784034e-01  6.04784034e-01
  1.35135080e+00  1.37604428e+00  1.37604428e+00  1.37604428e+00
  1.76927289e+00  1.76927289e+00  3.98659350e+00  3.98659350e+00
  3.98659350e+00  4.18417545e+00  4.18417545e+00  4.37678542e+00
  6.68698394e+00  6.68698394e+00  6.68698394e+00  6.68698394e+00
  9.25649625e+00  9.25649625e+00  9.32370222e+00  9.32370222e+00
  9.32370222e+00  1.17911828e+01  1.62098099e+01  1.62098099e+01
  1.62098099e+01  1.62098099e+01  2.01078047e+01  2.01078047e+01
  2.05396291e+01  2.05396291e+01  2.05396291e+01  2.79180624e+01
  3.83629444e+01  3.83629444e+01  3.83629444e+01  3.83629444e+01
  4.36720374e+01  4.36720374e+01  4.56138678e+01  4.56138678e+01
  4.56138678e+01  5.83981352e+01  9.63107543e+01  9.63107543e+01
  1.09538520e+02  1.27900183e+02  1.27900183e+02  1.27900183e+02
  1.88658047e+02  2.10179201e+02  2.10179201e+02  3.05550074e+02
  3.52859595e+02  3.52859595e+02  3.52859595e+02  4.48892040e+02
  4.48892040e+02  4.74360885e+02  5.21027798e+02  5.21027798e+02
  5.21027798e+02  5.21027798e+02  7.16015381e+02  9.50734127e+02
  9.50734127e+02  9.60318343e+02  9.60318343e+02  9.60318343e+02
  1.06137953e+03  1.55686255e+03  2.04793850e+03  2.04793850e+03
  2.27373372e+03  3.33084967e+03  4.95991356e+03  7.85253967e+03
  1.39778417e+04  2.76886418e+04  5.80940699e+04  1.28793949e+05
  3.28031754e+05]
beta-B1g nocc = 0
   mo_energy = [7.08082188e-02 6.04784034e-01 1.37604428e+00 1.37604428e+00
 1.76927289e+00 3.98659350e+00 3.98659350e+00 4.18417545e+00
 6.68698394e+00 6.68698394e+00 6.68698394e+00 9.25649625e+00
 9.32370222e+00 9.32370222e+00 1.62098099e+01 1.62098099e+01
 1.62098099e+01 2.01078047e+01 2.05396291e+01 2.05396291e+01
 3.83629444e+01 3.83629444e+01 3.83629444e+01 4.36720374e+01
 4.56138678e+01 4.56138678e+01 9.63107543e+01 1.27900183e+02
 1.27900183e+02 2.10179201e+02 3.52859595e+02 3.52859595e+02
 4.48892040e+02 5.21027798e+02 5.21027798e+02 5.21027798e+02
 9.50734127e+02 9.60318343e+02 9.60318343e+02 2.04793850e+03]
beta-B2g nocc = 0
   mo_energy = [7.08082188e-02 6.04784034e-01 1.37604428e+00 1.37604428e+00
 1.76927289e+00 3.98659350e+00 3.98659350e+00 4.18417545e+00
 6.68698394e+00 6.68698394e+00 6.68698394e+00 9.25649625e+00
 9.32370222e+00 9.32370222e+00 1.62098099e+01 1.62098099e+01
 1.62098099e+01 2.01078047e+01 2.05396291e+01 2.05396291e+01
 3.83629444e+01 3.83629444e+01 3.83629444e+01 4.36720374e+01
 4.56138678e+01 4.56138678e+01 9.63107543e+01 1.27900183e+02
 1.27900183e+02 2.10179201e+02 3.52859595e+02 3.52859595e+02
 4.48892040e+02 5.21027798e+02 5.21027798e+02 5.21027798e+02
 9.50734127e+02 9.60318343e+02 9.60318343e+02 2.04793850e+03]
beta-B3g nocc = 0
   mo_energy = [7.08082188e-02 6.04784034e-01 1.37604428e+00 1.37604428e+00
 1.76927289e+00 3.98659350e+00 3.98659350e+00 4.18417545e+00
 6.68698394e+00 6.68698394e+00 6.68698394e+00 9.25649625e+00
 9.32370222e+00 9.32370222e+00 1.62098099e+01 1.62098099e+01
 1.62098099e+01 2.01078047e+01 2.05396291e+01 2.05396291e+01
 3.83629444e+01 3.83629444e+01 3.83629444e+01 4.36720374e+01
 4.56138678e+01 4.56138678e+01 9.63107543e+01 1.27900183e+02
 1.27900183e+02 2.10179201e+02 3.52859595e+02 3.52859595e+02
 4.48892040e+02 5.21027798e+02 5.21027798e+02 5.21027798e+02
 9.50734127e+02 9.60318343e+02 9.60318343e+02 2.04793850e+03]
beta-Au nocc = 0
   mo_energy = [4.22554384e-01 1.56293306e+00 3.02244203e+00 3.02244203e+00
 3.88713285e+00 7.71361572e+00 7.71361572e+00 8.50569234e+00
 9.62493082e+00 9.62493082e+00 9.62493082e+00 1.77090289e+01
 1.77090289e+01 1.79231193e+01 2.67214324e+01 2.67214324e+01
 2.67214324e+01 3.80569548e+01 4.09007868e+01 4.09007868e+01
 9.10429030e+01 2.22706842e+02 2.23703885e+02 2.23703885e+02
 5.36965522e+02 7.30508473e+02 7.30508473e+02 1.31006280e+03]
beta-B1u nocc = 0
   mo_energy = [-3.81956253e-01 -8.69489340e-02  7.93103426e-02  4.22554384e-01
  4.22554384e-01  5.68033354e-01  1.56293306e+00  1.56293306e+00
  1.74401145e+00  3.02244203e+00  3.02244203e+00  3.02244203e+00
  3.88713285e+00  3.88713285e+00  4.37072395e+00  7.71361572e+00
  7.71361572e+00  7.71361572e+00  8.50569234e+00  8.50569234e+00
  9.62493082e+00  9.62493082e+00  9.62493082e+00  9.62493082e+00
  1.00411061e+01  1.77090289e+01  1.77090289e+01  1.77090289e+01
  1.79231193e+01  1.79231193e+01  2.18299713e+01  2.67214324e+01
  2.67214324e+01  2.67214324e+01  2.67214324e+01  3.80569548e+01
  3.80569548e+01  4.09007868e+01  4.09007868e+01  4.09007868e+01
  4.44923887e+01  8.36966887e+01  9.10429030e+01  9.10429030e+01
  1.46357473e+02  2.22706842e+02  2.22706842e+02  2.23703885e+02
  2.23703885e+02  2.23703885e+02  2.42600754e+02  3.88283218e+02
  5.36965522e+02  5.36965522e+02  6.09185135e+02  7.30508473e+02
  7.30508473e+02  7.30508473e+02  9.45408966e+02  1.31006280e+03
  1.31006280e+03  1.46632619e+03  2.28535546e+03  3.62840920e+03
  6.30707568e+03]
beta-B2u nocc = 0
   mo_energy = [-3.81956253e-01 -8.69489340e-02  7.93103426e-02  4.22554384e-01
  4.22554384e-01  5.68033354e-01  1.56293306e+00  1.56293306e+00
  1.74401145e+00  3.02244203e+00  3.02244203e+00  3.02244203e+00
  3.88713285e+00  3.88713285e+00  4.37072395e+00  7.71361572e+00
  7.71361572e+00  7.71361572e+00  8.50569234e+00  8.50569234e+00
  9.62493082e+00  9.62493082e+00  9.62493082e+00  9.62493082e+00
  1.00411061e+01  1.77090289e+01  1.77090289e+01  1.77090289e+01
  1.79231193e+01  1.79231193e+01  2.18299713e+01  2.67214324e+01
  2.67214324e+01  2.67214324e+01  2.67214324e+01  3.80569548e+01
  3.80569548e+01  4.09007868e+01  4.09007868e+01  4.09007868e+01
  4.44923890e+01  8.36966892e+01  9.10429030e+01  9.10429030e+01
  1.46357474e+02  2.22706842e+02  2.22706842e+02  2.23703885e+02
  2.23703885e+02  2.23703885e+02  2.42600756e+02  3.88283219e+02
  5.36965522e+02  5.36965522e+02  6.09185138e+02  7.30508473e+02
  7.30508473e+02  7.30508473e+02  9.45408967e+02  1.31006280e+03
  1.31006280e+03  1.46632618e+03  2.28535546e+03  3.62840920e+03
  6.30707568e+03]
beta-B3u nocc = 0
   mo_energy = [-3.81956253e-01 -8.69489340e-02  7.93103426e-02  4.22554384e-01
  4.22554384e-01  5.68033354e-01  1.56293306e+00  1.56293306e+00
  1.74401145e+00  3.02244203e+00  3.02244203e+00  3.02244203e+00
  3.88713285e+00  3.88713285e+00  4.37072395e+00  7.71361572e+00
  7.71361572e+00  7.71361572e+00  8.50569234e+00  8.50569234e+00
  9.62493082e+00  9.62493082e+00  9.62493082e+00  9.62493082e+00
  1.00411061e+01  1.77090289e+01  1.77090289e+01  1.77090289e+01
  1.79231193e+01  1.79231193e+01  2.18299712e+01  2.67214324e+01
  2.67214324e+01  2.67214324e+01  2.67214324e+01  3.80569548e+01
  3.80569548e+01  4.09007868e+01  4.09007868e+01  4.09007868e+01
  4.44923886e+01  8.36966881e+01  9.10429030e+01  9.10429030e+01
  1.46357472e+02  2.22706842e+02  2.22706842e+02  2.23703885e+02
  2.23703885e+02  2.23703885e+02  2.42600753e+02  3.88283218e+02
  5.36965522e+02  5.36965522e+02  6.09185137e+02  7.30508473e+02
  7.30508473e+02  7.30508473e+02  9.45408966e+02  1.31006280e+03
  1.31006280e+03  1.46632619e+03  2.28535547e+03  3.62840920e+03
  6.30707568e+03]
multiplicity <S^2> = 3.7555252  2S+1 = 4.0027617
E1 = -98.54369956208576  Ecoul = 24.113826030384274
cycle= 1 E= -74.4298735317015  delta_E= -1.2e-05  |g|= 0.000201  |ddm|= 0.605
    CPU time for cycle= 1    643.19 sec, wall time      4.30 sec


Extra cycle  E= -74.4298735371978  delta_E= 4.26e-14  |g|= 1.36e-09  |ddm|= 4.82e-10
    CPU time for scf_cycle  24553.04 sec, wall time    163.60 sec
    CPU time for SCF  24556.14 sec, wall time    163.64 sec
converged SCF energy = -74.4298735371978  <S^2> = 3.7555254  2S+1 = 4.0027618
