molpro=[
     103207.000000 0.000004 0.000001
      15664.800000 0.000029 0.000005
       3600.840000 0.000149 0.000023
       1026.350000 0.000627 0.000098
        335.925000 0.002274 0.000355
        121.409000 0.007358 0.001159
         47.337200 0.021450 0.003373
         19.630900 0.055599 0.008978
          8.547060 0.124328 0.020423
          3.853030 0.228994 0.040705
          1.780350 0.323811 0.064625
          0.837931 1.000000       0
          0.390527 1.000000       0
          0.097776 1.000000       0
          0.044933 1.000000       0
          0.020602 1.000000       0
          0.006100 1.000000       0
         49.390700 1.000000       0
         26.340100 1.000000       0
         14.047200 1.000000       0
          7.491400 1.000000       0
          3.995100 1.000000       0
         32.644300 0.000229       0
          7.758170 0.001768       0
          2.461690 0.007560       0
          0.869615 0.023322       0
          0.327205 1.000000       0
          0.134815 1.000000       0
          0.059995 1.000000       0
          0.028101 1.000000       0
          0.013320 1.000000       0
          0.003900 1.000000       0
         51.457700 1.000000       0
         23.052200 1.000000       0
         10.327000 1.000000       0
          4.626300 1.000000       0
          2.072500 1.000000       0
          0.825300 1.000000       0
          0.437300 1.000000       0
          0.231700 1.000000       0
          0.122800 1.000000       0
          0.065000 1.000000       0
          0.034500 1.000000       0
         34.914700 1.000000       0
         15.004700 1.000000       0
          6.448300 1.000000       0
          2.771200 1.000000       0
          0.679100 1.000000       0
          0.358800 1.000000       0
          0.189500 1.000000       0
          0.100100 1.000000       0
          0.052900 1.000000       0
         23.047600 1.000000       0
          8.994200 1.000000       0
          3.509900 1.000000       0
          0.419900 1.000000       0
          0.230900 1.000000       0
          0.127000 1.000000       0
          0.069900 1.000000       0
         15.913400 1.000000       0
          5.499300 1.000000       0
          0.337100 1.0            0
          0.183500 1.000000       0
          0.099900 1.000000       0
         10.203500 1.000000       0
          0.292700 1.000000       0
          0.146200 1.000000       0];
  
  MRCC=[  0.1032070000D+06  0.4000000000D-05 0.1000000000D-05
  0.1566480000D+05  0.2900000000D-04 0.5000000000D-05
  0.3600840000D+04  0.1490000000D-03 0.2300000000D-04
  0.1026350000D+04  0.6270000000D-03 0.9800000000D-04
  0.3359250000D+03  0.2274000000D-02 0.3550000000D-03
  0.1214090000D+03  0.7358000000D-02 0.1159000000D-02
  0.4733720000D+02  0.2145000000D-01 0.3373000000D-02
  0.1963090000D+02  0.5559900000D-01 0.8978000000D-02
  0.8547060000D+01  0.1243280000D+00 0.2042300000D-01
  0.3853030000D+01  0.2289940000D+00 0.4070500000D-01
  0.1780350000D+01  0.3238110000D+00 0.6462500000D-01
    0.8379310000D+00  1.0000000000D+00 0.0000000000D+00
  0.3905270000D+00  1.0000000000D+00 0.0000000000D+00
  0.9777600000D-01  1.0000000000D+00 0.0000000000D+00
  0.4493300000D-01  1.0000000000D+00 0.0000000000D+00
  0.2060200000D-01  1.0000000000D+00 0.0000000000D+00
  0.6100000000D-02  1.0000000000D+00 0.0000000000D+00
  0.4939070000D+02  1.0000000000D+00 0.0000000000D+00
  0.2634010000D+02  1.0000000000D+00 0.0000000000D+00
  0.1404720000D+02  1.0000000000D+00 0.0000000000D+00
  0.7491400000D+01  1.0000000000D+00 0.0000000000D+00
  0.3995100000D+01  1.0000000000D+00 0.0000000000D+00
  0.3264430000D+02  0.2290000000D-03 0.0
  0.7758170000D+01  0.1768000000D-02 0.0
  0.2461690000D+01  0.7560000000D-02 0.0
  0.8696150000D+00  0.2332200000D-01 0.0
  0.3272050000D+00  1.0000000000D+0  0.0
  0.1348150000D+00  1.0000000000D+0  0.0
  0.5999500000D-01  1.0000000000D+0  0.0
  0.2810100000D-01  1.0000000000D+0  0.0
  0.1332000000D-01  1.0000000000D+0  0.0
  0.3900000000D-02  1.0000000000D+0  0.0
  0.5145770000D+02  1.0000000000D+0  0.0
  0.2305220000D+02  1.0000000000D+0  0.0
  0.1032700000D+02  1.0000000000D+0  0.0
  0.4626300000D+01  1.0000000000D+0  0.0
  0.2072500000D+01  1.0000000000D+0  0.0
  0.8253000000D+00  1.0000000000D+0  0.0
  0.4373000000D+00  1.0000000000D+0  0.0
  0.2317000000D+00  1.0000000000D+0  0.0
  0.1228000000D+00  1.0000000000D+0  0.0
  0.6500000000D-01  1.0000000000D+0  0.0
  0.3450000000D-01  1.0000000000D+0  0.0
  0.3491470000D+02  1.0000000000D+0  0.0
  0.1500470000D+02  1.0000000000D+0  0.0
  0.6448300000D+01  1.0000000000D+0  0.0
  0.2771200000D+01  1.0000000000D+0  0.0
  0.6791000000D+00  1.0000000000D+0  0.0
  0.3588000000D+00  1.0000000000D+0  0.0
  0.1895000000D+00  1.0000000000D+0  0.0
  0.1001000000D+00  1.0000000000D+0  0.0
  0.5290000000D-01  1.0000000000D+0  0.0
  0.2304760000D+02  1.0000000000D+0  0.0
  0.8994200000D+01  1.0000000000D+0  0.0
  0.3509900000D+01  1.0000000000D+0  0.0
  0.4199000000D+00  1.0000000000D+0  0.0
  0.2309000000D+00  1.0000000000D+0  0.0
  0.1270000000D+00  1.0000000000D+0  0.0
  0.6990000000D-01  1.0000000000D+0  0.0
  0.1591340000D+02  1.0000000000D+0  0.0
  0.5499300000D+01  1.0000000000D+0  0.0
  0.3371000000D+00  1.0000000000D+0  0.0
  0.1835000000D+00  1.0000000000D+0  0.0
  0.9990000000D-01  1.0000000000D+0  0.0
  0.1020350000D+02  1.0000000000D+0  0.0
  0.2927000000D+00  1.0000000000D+0  0.0
  0.1462000000D+00  1.0000000000D+0  0.0];

s=[
0.0 0.0 0.0 0.0 0.0 0.0 0.0 0.0 0.0 0.0 0.0
0.0 0.0 0.0 0.0 0.0 0.0 0.0 0.0 0.0 0.0 0.0
0.0 0.0 0.0 0.0 0.0 0.0 0.0 0.0 0.0 0.0 0.0
0.0 0.0 0.0 0.0 0.0 0.0 0.0 0.0 0.0 0.0 0.0
0.0 0.0 0.0 0.0 0.0 0.0 0.0 0.0 0.0 0.0 0.0
0.0 0.0 0.0 0.0 0.0 0.0 0.0 0.0 0.0 0.0 0.0
0.0 0.0 0.0 0.0 0.0 0.0 0.0 0.0 0.0 0.0 0.0
0.0 0.0 0.0 0.0 0.0 0.0 0.0 0.0 0.0 0.0 0.0
0.0 0.0 0.0 0.0 0.0 0.0 0.0 0.0 0.0 0.0 0.0
0.0 0.0 0.0 0.0 0.0 0.0 0.0 0.0 0.0 0.0 0.0
0.0 0.0 0.0 0.0 0.0 0.0 0.0 0.0 0.0 0.0 0.0
1.0 0.0 0.0 0.0 0.0 0.0 0.0 0.0 0.0 0.0 0.0
0.0 1.0 0.0 0.0 0.0 0.0 0.0 0.0 0.0 0.0 0.0
0.0 0.0 1.0 0.0 0.0 0.0 0.0 0.0 0.0 0.0 0.0
0.0 0.0 0.0 1.0 0.0 0.0 0.0 0.0 0.0 0.0 0.0
0.0 0.0 0.0 0.0 1.0 0.0 0.0 0.0 0.0 0.0 0.0
0.0 0.0 0.0 0.0 0.0 1.0 0.0 0.0 0.0 0.0 0.0
0.0 0.0 0.0 0.0 0.0 0.0 1.0 0.0 0.0 0.0 0.0
0.0 0.0 0.0 0.0 0.0 0.0 0.0 1.0 0.0 0.0 0.0
0.0 0.0 0.0 0.0 0.0 0.0 0.0 0.0 1.0 0.0 0.0
0.0 0.0 0.0 0.0 0.0 0.0 0.0 0.0 0.0 1.0 0.0
0.0 0.0 0.0 0.0 0.0 0.0 0.0 0.0 0.0 0.0 1.0];

p=[0.0 0.0 0.0 0.0 0.0 0.0 0.0 0.0 0.0 0.0 0.0
0.0 0.0 0.0 0.0 0.0 0.0 0.0 0.0 0.0 0.0 0.0
0.0 0.0 0.0 0.0 0.0 0.0 0.0 0.0 0.0 0.0 0.0
0.0 0.0 0.0 0.0 0.0 0.0 0.0 0.0 0.0 0.0 0.0
1.0 0.0 0.0 0.0 0.0 0.0 0.0 0.0 0.0 0.0 0.0
0.0 1.0 0.0 0.0 0.0 0.0 0.0 0.0 0.0 0.0 0.0
0.0 0.0 1.0 0.0 0.0 0.0 0.0 0.0 0.0 0.0 0.0
0.0 0.0 0.0 1.0 0.0 0.0 0.0 0.0 0.0 0.0 0.0
0.0 0.0 0.0 0.0 1.0 0.0 0.0 0.0 0.0 0.0 0.0
0.0 0.0 0.0 0.0 0.0 1.0 0.0 0.0 0.0 0.0 0.0
0.0 0.0 0.0 0.0 0.0 0.0 1.0 0.0 0.0 0.0 0.0
0.0 0.0 0.0 0.0 0.0 0.0 0.0 1.0 0.0 0.0 0.0
0.0 0.0 0.0 0.0 0.0 0.0 0.0 0.0 1.0 0.0 0.0
0.0 0.0 0.0 0.0 0.0 0.0 0.0 0.0 0.0 1.0 0.0
0.0 0.0 0.0 0.0 0.0 0.0 0.0 0.0 0.0 0.0 1.0];
