#INFO: **** input file is /lustre09/project/6004934/jaafar1/PySCF-MRCC/Oxygen/NewChapter-Cation/AE/aCV8Z-FELLER-U/X2C/UHF/input.py ****
import pyscf
from pyscf import cc, lib, tools, scf, symm, ao2mo
from pyscf.gto.basis import parse_gaussian
from pyscf.cc.mrcc import MRCCInterface
from pyscf.scf import atom_hf, hf

name = 'out'
mol = pyscf.M(
    atom = '''
        O
    ''',
    unit = 'angstrom',
    basis = {
            'O' : parse_gaussian.load('O-aCV8Z-FELLER-U.gbs', 'O')
    },
    charge = 1,
    spin = 3,
    symmetry = True,
    verbose = 9,
    symmetry_subgroup = 'D2h',
    output = name +'.txt',
    max_memory = 2500000,
)

mf = mol.UHF().set(
    conv_tol=1e-11,
    max_cycle=9999,
    ddm_tol=1e-10,
    direct_scf=False,
    chkfile='/home/jaafar1/links/projects/rrg-tzeng/jaafar1/PySCF-MRCC/Oxygen/NewChapter-Cation/AE/aCV8Z-FELLER-U/X2C/UHF/chkfiles/out.chk',
    init_guess='chk',
    irrep_nelec={'Ag': 4, 'B3u': 1, 'B2u': 1, 'B1u': 1}
).sfx2c1e()

mf.kernel()

#pyscf.tools.fcidump.from_chkfile_uhf('fort.55',name+'.chk',tol=1e-18, float_format='% 0.20E',molpro_orbsym=False,orbsym=None)
pyscf.tools.fcidump.from_scf_uhf(mf,'fort.55',tol=1e-18, float_format='% 0.20E',molpro_orbsym=False)
#INFO: ******************** input file end ********************


System: uname_result(system='Linux', node='rl21707', release='5.14.0-611.13.1.el9_7.x86_64', version='#1 SMP PREEMPT_DYNAMIC Thu Dec 11 04:57:59 EST 2025', machine='x86_64')  Threads 4
Python 3.13.2 (main, Feb  5 2025, 15:06:39) [GCC 13.3.0]
numpy 2.2.2  scipy 1.15.1  h5py 3.13.0
Date: Mon Jan  5 10:54:39 2026
PySCF version 2.10.0
PySCF path  /home/jaafar1/links/projects/rrg-tzeng/jaafar1/VENV/MRCCInterface/lib/python3.13/site-packages/pyscf

[CONFIG] ARGPARSE = False
[CONFIG] DEBUG = False
[CONFIG] MAX_MEMORY = 4000
[CONFIG] TMPDIR = /tmp
[CONFIG] UNIT = angstrom
[CONFIG] VERBOSE = 3
[CONFIG] conf_file = None
[INPUT] verbose = 9
[INPUT] max_memory = 2500000 
[INPUT] num. atoms = 1
[INPUT] num. electrons = 7
[INPUT] charge = 1
[INPUT] spin (= nelec alpha-beta = 2S) = 3
[INPUT] symmetry True subgroup D2h
[INPUT] Mole.unit = angstrom
[INPUT] Symbol           X                Y                Z      unit          X                Y                Z       unit  Magmom
[INPUT]  1 O      0.000000000000   0.000000000000   0.000000000000 AA    0.000000000000   0.000000000000   0.000000000000 Bohr   0.0
[INPUT] ---------------- BASIS SET ---------------- 
[INPUT] l, kappa, [nprim/nctr], expnt,             c_1 c_2 ...
[INPUT] O
[INPUT] 0    0    [1    /1   ]  4968020              1
[INPUT] 0    0    [1    /1   ]  767184               1
[INPUT] 0    0    [1    /1   ]  179922               1
[INPUT] 0    0    [1    /1   ]  52168.4              1
[INPUT] 0    0    [1    /1   ]  17293.4              1
[INPUT] 0    0    [1    /1   ]  6310.47              1
[INPUT] 0    0    [1    /1   ]  2481.42              1
[INPUT] 0    0    [1    /1   ]  1036.75              1
[INPUT] 0    0    [1    /1   ]  454.07               1
[INPUT] 0    0    [1    /1   ]  205.802              1
[INPUT] 0    0    [1    /1   ]  95.7597              1
[INPUT] 0    0    [1    /1   ]  45.6038              1
[INPUT] 0    0    [1    /1   ]  22.1827              1
[INPUT] 0    0    [1    /1   ]  11.0045              1
[INPUT] 0    0    [1    /1   ]  5.53001              1
[INPUT] 0    0    [1    /1   ]  2.74694              1
[INPUT] 0    0    [1    /1   ]  1.32605              1
[INPUT] 0    0    [1    /1   ]  0.626784             1
[INPUT] 0    0    [1    /1   ]  0.293908             1
[INPUT] 0    0    [1    /1   ]  0.134983             1
[INPUT] 0    0    [1    /1   ]  0.05348              1
[INPUT] 1    0    [1    /1   ]  4020.41              1
[INPUT] 1    0    [1    /1   ]  930.561              1
[INPUT] 1    0    [1    /1   ]  715.722              1
[INPUT] 1    0    [1    /1   ]  398.686              1
[INPUT] 1    0    [1    /1   ]  295.517              1
[INPUT] 1    0    [1    /1   ]  222.084              1
[INPUT] 1    0    [1    /1   ]  123.71               1
[INPUT] 1    0    [1    /1   ]  113.498              1
[INPUT] 1    0    [1    /1   ]  68.911               1
[INPUT] 1    0    [1    /1   ]  48.5521              1
[INPUT] 1    0    [1    /1   ]  38.386               1
[INPUT] 1    0    [1    /1   ]  22.1428              1
[INPUT] 1    0    [1    /1   ]  21.383               1
[INPUT] 1    0    [1    /1   ]  10.5381              1
[INPUT] 1    0    [1    /1   ]  5.19284              1
[INPUT] 1    0    [1    /1   ]  2.61534              1
[INPUT] 1    0    [1    /1   ]  1.32159              1
[INPUT] 1    0    [1    /1   ]  0.661978             1
[INPUT] 1    0    [1    /1   ]  0.327398             1
[INPUT] 1    0    [1    /1   ]  0.159348             1
[INPUT] 1    0    [1    /1   ]  0.074582             1
[INPUT] 1    0    [1    /1   ]  0.03191              1
[INPUT] 2    0    [1    /1   ]  546.298              1
[INPUT] 2    0    [1    /1   ]  299.429              1
[INPUT] 2    0    [1    /1   ]  164.119              1
[INPUT] 2    0    [1    /1   ]  89.954               1
[INPUT] 2    0    [1    /1   ]  49.305               1
[INPUT] 2    0    [1    /1   ]  27.024               1
[INPUT] 2    0    [1    /1   ]  12.9767              1
[INPUT] 2    0    [1    /1   ]  6.65877              1
[INPUT] 2    0    [1    /1   ]  3.41684              1
[INPUT] 2    0    [1    /1   ]  1.7533               1
[INPUT] 2    0    [1    /1   ]  0.89968              1
[INPUT] 2    0    [1    /1   ]  0.46165              1
[INPUT] 2    0    [1    /1   ]  0.2369               1
[INPUT] 2    0    [1    /1   ]  0.09777              1
[INPUT] 3    0    [1    /1   ]  406.828              1
[INPUT] 3    0    [1    /1   ]  211                  1
[INPUT] 3    0    [1    /1   ]  109.434              1
[INPUT] 3    0    [1    /1   ]  56.758               1
[INPUT] 3    0    [1    /1   ]  29.437               1
[INPUT] 3    0    [1    /1   ]  12.7941              1
[INPUT] 3    0    [1    /1   ]  6.48093              1
[INPUT] 3    0    [1    /1   ]  3.28295              1
[INPUT] 3    0    [1    /1   ]  1.66299              1
[INPUT] 3    0    [1    /1   ]  0.8424               1
[INPUT] 3    0    [1    /1   ]  0.42672              1
[INPUT] 3    0    [1    /1   ]  0.18007              1
[INPUT] 4    0    [1    /1   ]  245.619              1
[INPUT] 4    0    [1    /1   ]  109.132              1
[INPUT] 4    0    [1    /1   ]  48.489               1
[INPUT] 4    0    [1    /1   ]  21.544               1
[INPUT] 4    0    [1    /1   ]  7.22853              1
[INPUT] 4    0    [1    /1   ]  3.91156              1
[INPUT] 4    0    [1    /1   ]  2.11666              1
[INPUT] 4    0    [1    /1   ]  1.14538              1
[INPUT] 4    0    [1    /1   ]  0.6198               1
[INPUT] 4    0    [1    /1   ]  0.27223              1
[INPUT] 5    0    [1    /1   ]  172.241              1
[INPUT] 5    0    [1    /1   ]  68.182               1
[INPUT] 5    0    [1    /1   ]  26.99                1
[INPUT] 5    0    [1    /1   ]  7.81133              1
[INPUT] 5    0    [1    /1   ]  4.05272              1
[INPUT] 5    0    [1    /1   ]  2.10265              1
[INPUT] 5    0    [1    /1   ]  1.09091              1
[INPUT] 5    0    [1    /1   ]  0.52508              1
[INPUT] 6    0    [1    /1   ]  157.813              1
[INPUT] 6    0    [1    /1   ]  60.942               1
[INPUT] 6    0    [1    /1   ]  6.10477              1
[INPUT] 6    0    [1    /1   ]  2.95271              1
[INPUT] 6    0    [1    /1   ]  1.42815              1
[INPUT] 6    0    [1    /1   ]  0.74042              1
[INPUT] 7    0    [1    /1   ]  107.188              1
[INPUT] 7    0    [1    /1   ]  4.75927              1
[INPUT] 7    0    [1    /1   ]  2.18588              1
[INPUT] 7    0    [1    /1   ]  1.0942               1
[INPUT] 8    0    [1    /1   ]  3.22427              1
[INPUT] 8    0    [1    /1   ]  1.614                1

nuclear repulsion = 0
point group symmetry = SO3, use subgroup D2h
symmetry origin: [0. 0. 0.]
symmetry axis x: [1. 0. 0.]
symmetry axis y: [0. 1. 0.]
symmetry axis z: [0. 0. 1.]
num. orbitals of irrep Ag = 113
num. orbitals of irrep B1g = 60
num. orbitals of irrep B2g = 60
num. orbitals of irrep B3g = 60
num. orbitals of irrep Au = 40
num. orbitals of irrep B1u = 86
num. orbitals of irrep B2u = 86
num. orbitals of irrep B3u = 86
number of shells = 99
number of NR pGTOs = 591
number of NR cGTOs = 591
basis = {'O': [[0, [4968020.0, 1.0]], [0, [767184.0, 1.0]], [0, [179922.0, 1.0]], [0, [52168.4, 1.0]], [0, [17293.4, 1.0]], [0, [6310.47, 1.0]], [0, [2481.42, 1.0]], [0, [1036.75, 1.0]], [0, [454.07, 1.0]], [0, [205.802, 1.0]], [0, [95.7597, 1.0]], [0, [45.6038, 1.0]], [0, [22.1827, 1.0]], [0, [11.0045, 1.0]], [0, [5.53001, 1.0]], [0, [2.74694, 1.0]], [0, [1.32605, 1.0]], [0, [0.626784, 1.0]], [0, [0.293908, 1.0]], [0, [0.134983, 1.0]], [0, [0.05348, 1.0]], [1, [4020.41, 1.0]], [1, [930.561, 1.0]], [1, [715.722, 1.0]], [1, [398.686, 1.0]], [1, [295.517, 1.0]], [1, [222.084, 1.0]], [1, [123.71, 1.0]], [1, [113.498, 1.0]], [1, [68.911, 1.0]], [1, [48.5521, 1.0]], [1, [38.386, 1.0]], [1, [22.1428, 1.0]], [1, [21.383, 1.0]], [1, [10.5381, 1.0]], [1, [5.19284, 1.0]], [1, [2.61534, 1.0]], [1, [1.32159, 1.0]], [1, [0.661978, 1.0]], [1, [0.327398, 1.0]], [1, [0.159348, 1.0]], [1, [0.074582, 1.0]], [1, [0.03191, 1.0]], [2, [546.298, 1.0]], [2, [299.429, 1.0]], [2, [164.119, 1.0]], [2, [89.954, 1.0]], [2, [49.305, 1.0]], [2, [27.024, 1.0]], [2, [12.9767, 1.0]], [2, [6.65877, 1.0]], [2, [3.41684, 1.0]], [2, [1.7533, 1.0]], [2, [0.89968, 1.0]], [2, [0.46165, 1.0]], [2, [0.2369, 1.0]], [2, [0.09777, 1.0]], [3, [406.828, 1.0]], [3, [211.0, 1.0]], [3, [109.434, 1.0]], [3, [56.758, 1.0]], [3, [29.437, 1.0]], [3, [12.7941, 1.0]], [3, [6.48093, 1.0]], [3, [3.28295, 1.0]], [3, [1.66299, 1.0]], [3, [0.8424, 1.0]], [3, [0.42672, 1.0]], [3, [0.18007, 1.0]], [4, [245.619, 1.0]], [4, [109.132, 1.0]], [4, [48.489, 1.0]], [4, [21.544, 1.0]], [4, [7.22853, 1.0]], [4, [3.91156, 1.0]], [4, [2.11666, 1.0]], [4, [1.14538, 1.0]], [4, [0.6198, 1.0]], [4, [0.27223, 1.0]], [5, [172.241, 1.0]], [5, [68.182, 1.0]], [5, [26.99, 1.0]], [5, [7.81133, 1.0]], [5, [4.05272, 1.0]], [5, [2.10265, 1.0]], [5, [1.09091, 1.0]], [5, [0.52508, 1.0]], [6, [157.813, 1.0]], [6, [60.942, 1.0]], [6, [6.10477, 1.0]], [6, [2.95271, 1.0]], [6, [1.42815, 1.0]], [6, [0.74042, 1.0]], [7, [107.188, 1.0]], [7, [4.75927, 1.0]], [7, [2.18588, 1.0]], [7, [1.0942, 1.0]], [8, [3.22427, 1.0]], [8, [1.614, 1.0]]]}
ecp = {}
bas 0, expnt(s) = [4968020.]
bas 1, expnt(s) = [767184.]
bas 2, expnt(s) = [179922.]
bas 3, expnt(s) = [52168.4]
bas 4, expnt(s) = [17293.4]
bas 5, expnt(s) = [6310.47]
bas 6, expnt(s) = [2481.42]
bas 7, expnt(s) = [1036.75]
bas 8, expnt(s) = [454.07]
bas 9, expnt(s) = [205.802]
bas 10, expnt(s) = [95.7597]
bas 11, expnt(s) = [45.6038]
bas 12, expnt(s) = [22.1827]
bas 13, expnt(s) = [11.0045]
bas 14, expnt(s) = [5.53001]
bas 15, expnt(s) = [2.74694]
bas 16, expnt(s) = [1.32605]
bas 17, expnt(s) = [0.626784]
bas 18, expnt(s) = [0.293908]
bas 19, expnt(s) = [0.134983]
bas 20, expnt(s) = [0.05348]
bas 21, expnt(s) = [4020.41]
bas 22, expnt(s) = [930.561]
bas 23, expnt(s) = [715.722]
bas 24, expnt(s) = [398.686]
bas 25, expnt(s) = [295.517]
bas 26, expnt(s) = [222.084]
bas 27, expnt(s) = [123.71]
bas 28, expnt(s) = [113.498]
bas 29, expnt(s) = [68.911]
bas 30, expnt(s) = [48.5521]
bas 31, expnt(s) = [38.386]
bas 32, expnt(s) = [22.1428]
bas 33, expnt(s) = [21.383]
bas 34, expnt(s) = [10.5381]
bas 35, expnt(s) = [5.19284]
bas 36, expnt(s) = [2.61534]
bas 37, expnt(s) = [1.32159]
bas 38, expnt(s) = [0.661978]
bas 39, expnt(s) = [0.327398]
bas 40, expnt(s) = [0.159348]
bas 41, expnt(s) = [0.074582]
bas 42, expnt(s) = [0.03191]
bas 43, expnt(s) = [546.298]
bas 44, expnt(s) = [299.429]
bas 45, expnt(s) = [164.119]
bas 46, expnt(s) = [89.954]
bas 47, expnt(s) = [49.305]
bas 48, expnt(s) = [27.024]
bas 49, expnt(s) = [12.9767]
bas 50, expnt(s) = [6.65877]
bas 51, expnt(s) = [3.41684]
bas 52, expnt(s) = [1.7533]
bas 53, expnt(s) = [0.89968]
bas 54, expnt(s) = [0.46165]
bas 55, expnt(s) = [0.2369]
bas 56, expnt(s) = [0.09777]
bas 57, expnt(s) = [406.828]
bas 58, expnt(s) = [211.]
bas 59, expnt(s) = [109.434]
bas 60, expnt(s) = [56.758]
bas 61, expnt(s) = [29.437]
bas 62, expnt(s) = [12.7941]
bas 63, expnt(s) = [6.48093]
bas 64, expnt(s) = [3.28295]
bas 65, expnt(s) = [1.66299]
bas 66, expnt(s) = [0.8424]
bas 67, expnt(s) = [0.42672]
bas 68, expnt(s) = [0.18007]
bas 69, expnt(s) = [245.619]
bas 70, expnt(s) = [109.132]
bas 71, expnt(s) = [48.489]
bas 72, expnt(s) = [21.544]
bas 73, expnt(s) = [7.22853]
bas 74, expnt(s) = [3.91156]
bas 75, expnt(s) = [2.11666]
bas 76, expnt(s) = [1.14538]
bas 77, expnt(s) = [0.6198]
bas 78, expnt(s) = [0.27223]
bas 79, expnt(s) = [172.241]
bas 80, expnt(s) = [68.182]
bas 81, expnt(s) = [26.99]
bas 82, expnt(s) = [7.81133]
bas 83, expnt(s) = [4.05272]
bas 84, expnt(s) = [2.10265]
bas 85, expnt(s) = [1.09091]
bas 86, expnt(s) = [0.52508]
bas 87, expnt(s) = [157.813]
bas 88, expnt(s) = [60.942]
bas 89, expnt(s) = [6.10477]
bas 90, expnt(s) = [2.95271]
bas 91, expnt(s) = [1.42815]
bas 92, expnt(s) = [0.74042]
bas 93, expnt(s) = [107.188]
bas 94, expnt(s) = [4.75927]
bas 95, expnt(s) = [2.18588]
bas 96, expnt(s) = [1.0942]
bas 97, expnt(s) = [3.22427]
bas 98, expnt(s) = [1.614]
CPU time:         1.32
arg.atm = [[ 8 20  1 23  0  0]]
arg.bas = [[  0   0   1   1   0  24  25   0]
 [  0   0   1   1   0  26  27   0]
 [  0   0   1   1   0  28  29   0]
 [  0   0   1   1   0  30  31   0]
 [  0   0   1   1   0  32  33   0]
 [  0   0   1   1   0  34  35   0]
 [  0   0   1   1   0  36  37   0]
 [  0   0   1   1   0  38  39   0]
 [  0   0   1   1   0  40  41   0]
 [  0   0   1   1   0  42  43   0]
 [  0   0   1   1   0  44  45   0]
 [  0   0   1   1   0  46  47   0]
 [  0   0   1   1   0  48  49   0]
 [  0   0   1   1   0  50  51   0]
 [  0   0   1   1   0  52  53   0]
 [  0   0   1   1   0  54  55   0]
 [  0   0   1   1   0  56  57   0]
 [  0   0   1   1   0  58  59   0]
 [  0   0   1   1   0  60  61   0]
 [  0   0   1   1   0  62  63   0]
 [  0   0   1   1   0  64  65   0]
 [  0   1   1   1   0  66  67   0]
 [  0   1   1   1   0  68  69   0]
 [  0   1   1   1   0  70  71   0]
 [  0   1   1   1   0  72  73   0]
 [  0   1   1   1   0  74  75   0]
 [  0   1   1   1   0  76  77   0]
 [  0   1   1   1   0  78  79   0]
 [  0   1   1   1   0  80  81   0]
 [  0   1   1   1   0  82  83   0]
 [  0   1   1   1   0  84  85   0]
 [  0   1   1   1   0  86  87   0]
 [  0   1   1   1   0  88  89   0]
 [  0   1   1   1   0  90  91   0]
 [  0   1   1   1   0  92  93   0]
 [  0   1   1   1   0  94  95   0]
 [  0   1   1   1   0  96  97   0]
 [  0   1   1   1   0  98  99   0]
 [  0   1   1   1   0 100 101   0]
 [  0   1   1   1   0 102 103   0]
 [  0   1   1   1   0 104 105   0]
 [  0   1   1   1   0 106 107   0]
 [  0   1   1   1   0 108 109   0]
 [  0   2   1   1   0 110 111   0]
 [  0   2   1   1   0 112 113   0]
 [  0   2   1   1   0 114 115   0]
 [  0   2   1   1   0 116 117   0]
 [  0   2   1   1   0 118 119   0]
 [  0   2   1   1   0 120 121   0]
 [  0   2   1   1   0 122 123   0]
 [  0   2   1   1   0 124 125   0]
 [  0   2   1   1   0 126 127   0]
 [  0   2   1   1   0 128 129   0]
 [  0   2   1   1   0 130 131   0]
 [  0   2   1   1   0 132 133   0]
 [  0   2   1   1   0 134 135   0]
 [  0   2   1   1   0 136 137   0]
 [  0   3   1   1   0 138 139   0]
 [  0   3   1   1   0 140 141   0]
 [  0   3   1   1   0 142 143   0]
 [  0   3   1   1   0 144 145   0]
 [  0   3   1   1   0 146 147   0]
 [  0   3   1   1   0 148 149   0]
 [  0   3   1   1   0 150 151   0]
 [  0   3   1   1   0 152 153   0]
 [  0   3   1   1   0 154 155   0]
 [  0   3   1   1   0 156 157   0]
 [  0   3   1   1   0 158 159   0]
 [  0   3   1   1   0 160 161   0]
 [  0   4   1   1   0 162 163   0]
 [  0   4   1   1   0 164 165   0]
 [  0   4   1   1   0 166 167   0]
 [  0   4   1   1   0 168 169   0]
 [  0   4   1   1   0 170 171   0]
 [  0   4   1   1   0 172 173   0]
 [  0   4   1   1   0 174 175   0]
 [  0   4   1   1   0 176 177   0]
 [  0   4   1   1   0 178 179   0]
 [  0   4   1   1   0 180 181   0]
 [  0   5   1   1   0 182 183   0]
 [  0   5   1   1   0 184 185   0]
 [  0   5   1   1   0 186 187   0]
 [  0   5   1   1   0 188 189   0]
 [  0   5   1   1   0 190 191   0]
 [  0   5   1   1   0 192 193   0]
 [  0   5   1   1   0 194 195   0]
 [  0   5   1   1   0 196 197   0]
 [  0   6   1   1   0 198 199   0]
 [  0   6   1   1   0 200 201   0]
 [  0   6   1   1   0 202 203   0]
 [  0   6   1   1   0 204 205   0]
 [  0   6   1   1   0 206 207   0]
 [  0   6   1   1   0 208 209   0]
 [  0   7   1   1   0 210 211   0]
 [  0   7   1   1   0 212 213   0]
 [  0   7   1   1   0 214 215   0]
 [  0   7   1   1   0 216 217   0]
 [  0   8   1   1   0 218 219   0]
 [  0   8   1   1   0 220 221   0]]
arg.env = [0.00000000e+00 0.00000000e+00 0.00000000e+00 0.00000000e+00
 0.00000000e+00 0.00000000e+00 0.00000000e+00 0.00000000e+00
 0.00000000e+00 0.00000000e+00 0.00000000e+00 0.00000000e+00
 0.00000000e+00 0.00000000e+00 0.00000000e+00 0.00000000e+00
 0.00000000e+00 0.00000000e+00 0.00000000e+00 0.00000000e+00
 0.00000000e+00 0.00000000e+00 0.00000000e+00 0.00000000e+00
 4.96802000e+06 2.65859710e+05 7.67184000e+05 6.54922147e+04
 1.79922000e+05 2.20713159e+04 5.21684000e+04 8.72108787e+03
 1.72934000e+04 3.81000297e+03 6.31047000e+03 1.78879801e+03
 2.48142000e+03 8.88260261e+02 1.03675000e+03 4.61605056e+02
 4.54070000e+02 2.48517589e+02 2.05802000e+02 1.37278403e+02
 9.57597000e+01 7.73396330e+01 4.56038000e+01 4.43369484e+01
 2.21827000e+01 2.58241377e+01 1.10045000e+01 1.52648577e+01
 5.53001000e+00 9.11086186e+00 2.74694000e+00 5.39078367e+00
 1.32605000e+00 3.12201474e+00 6.26784000e-01 1.77972725e+00
 2.93908000e-01 1.00849461e+00 1.34983000e-01 5.62631873e-01
 5.34800000e-02 2.80969108e-01 4.02041000e+03 9.33947197e+04
 9.30561000e+02 1.49939291e+04 7.15722000e+02 1.07997786e+04
 3.98686000e+02 5.19724421e+03 2.95517000e+02 3.57447677e+03
 2.22084000e+02 2.50109957e+03 1.23710000e+02 1.20362279e+03
 1.13498000e+02 1.08073609e+03 6.89110000e+01 5.79222045e+02
 4.85521000e+01 3.73890488e+02 3.83860000e+01 2.78740751e+02
 2.21428000e+01 1.40128045e+02 2.13830000e+01 1.34143671e+02
 1.05381000e+01 5.53907553e+01 5.19284000e+00 2.28686522e+01
 2.61534000e+00 9.70274433e+00 1.32159000e+00 4.13385579e+00
 6.61978000e-01 1.74196265e+00 3.27398000e-01 7.22485974e-01
 1.59348000e-01 2.93709277e-01 7.45820000e-02 1.13704309e-01
 3.19100000e-02 3.93453033e-02 5.46298000e+02 1.61076137e+05
 2.99429000e+02 5.62397836e+04 1.64119000e+02 1.96361976e+04
 8.99540000e+01 6.85591187e+03 4.93050000e+01 2.39380391e+03
 2.70240000e+01 8.35778591e+02 1.29767000e+01 2.31508451e+02
 6.65877000e+00 7.20226192e+01 3.41684000e+00 2.24064220e+01
 1.75330000e+00 6.97072249e+00 8.99680000e-01 2.16862022e+00
 4.61650000e-01 6.74647408e-01 2.36900000e-01 2.09902805e-01
 9.77700000e-02 4.46055822e-02 4.06828000e+02 1.46617139e+06
 2.11000000e+02 3.34692427e+05 1.09434000e+02 7.64016922e+04
 5.67580000e+01 1.74409967e+04 2.94370000e+01 3.98126279e+03
 1.27941000e+01 6.10635823e+02 6.48093000e+00 1.32188707e+02
 3.28295000e+00 2.86157390e+01 1.66299000e+00 6.19458257e+00
 8.42400000e-01 1.34099348e+00 4.26720000e-01 2.90290022e-01
 1.80070000e-01 4.16632776e-02 2.45619000e+02 4.92197598e+06
 1.09132000e+02 5.28795094e+05 4.84890000e+01 5.68117253e+04
 2.15440000e+01 6.10332559e+03 7.22853000e+00 3.02905088e+02
 3.91156000e+00 5.59605008e+01 2.11666000e+00 1.03385501e+01
 1.14538000e+00 1.90998735e+00 6.19800000e-01 3.52866903e-01
 2.72230000e-01 3.67276428e-02 1.72241000e+02 1.46790012e+07
 6.81820000e+01 7.22236444e+05 2.69900000e+01 3.55354755e+04
 7.81133000e+00 6.31842680e+02 4.05272000e+00 7.48909267e+01
 2.10265000e+00 8.87657578e+00 1.09091000e+00 1.05212358e+00
 5.25080000e-01 9.77204717e-02 1.57813000e+02 7.69744305e+07
 6.09420000e+01 2.17144439e+06 6.10477000e+00 3.88661009e+02
 2.95271000e+00 2.55058062e+01 1.42815000e+00 1.67383605e+00
 7.40420000e-01 1.42512876e-01 1.07188000e+02 9.64754146e+07
 4.75927000e+00 1.72124187e+02 2.18588000e+00 6.30532224e+00
 1.09420000e+00 3.33009376e-01 3.22427000e+00 2.86516830e+01
 1.61400000e+00 1.07063823e+00]
ecpbas  = []


******** <class 'pyscf.x2c.sfx2c1e.sfX2C1eSymAdaptedUHF'> ********
method = sfX2C1eSymAdaptedUHF
initial guess = chk
damping factor = 0
level_shift factor = 0
DIIS = <class 'pyscf.scf.diis.CDIIS'>
diis_start_cycle = 1
diis_space = 8
diis_damp = 0
SCF conv_tol = 1e-11
SCF conv_tol_grad = None
SCF ddm_tol = 1e-10
SCF max_cycles = 9999
direct_scf = False
chkfile to save SCF result = /home/jaafar1/links/projects/rrg-tzeng/jaafar1/PySCF-MRCC/Oxygen/NewChapter-Cation/AE/aCV8Z-FELLER-U/X2C/UHF/chkfiles/out.chk
max_memory 2500000 MB (current use 128 MB)
number electrons alpha = 5  beta = 2
irrep_nelec {'Ag': 4, 'B3u': 1, 'B2u': 1, 'B1u': 1}


******** <class 'pyscf.x2c.sfx2c1e.SpinFreeX2CHelper'> ********
approx = 1e
xuncontract = 1
Freeze 7 electrons in irreps ['Ag', 'B3u', 'B2u', 'B1u']
    0 free electrons in irreps B1g B2g B3g Au
cond(S) = 885765211.6515791

WARN: Singularity detected in overlap matrix (condition number = 8.86e+08). SCF may be inaccurate and hard to converge.

Set gradient conv threshold to 3.16228e-06
Nelec from initial guess = (np.float64(5.000000000000001), np.float64(2.0))
E1 = -98.54370950138198  Ecoul = 24.11383419972813
init E= -74.4298753016539
    CPU time for initialize scf   1509.12 sec, wall time    392.58 sec
alpha HOMO (B1u) = -1.33044716790572  LUMO (Ag) = -0.149402108634538
alpha irrep_nelec = [2, 0, 0, 0, 0, 1, 1, 1]
beta  irrep_nelec = [2, 0, 0, 0, 0, 0, 0, 0]
alpha-Ag nocc = 2  HOMO = -2.0737464985161  LUMO = -0.149402108634538
   mo_energy = [-2.14254939e+01 -2.07374650e+00 -1.49402109e-01  5.18506629e-02
  5.18506629e-02  1.64107423e-01  4.97118626e-01  4.97118626e-01
  1.03921202e+00  1.03921202e+00  1.03921202e+00  1.10898833e+00
  1.43623173e+00  1.43623173e+00  3.02410613e+00  3.02410613e+00
  3.02410613e+00  3.34695718e+00  3.34695718e+00  3.67084323e+00
  4.62885097e+00  4.62885097e+00  4.62885097e+00  4.62885097e+00
  6.68233941e+00  6.68233941e+00  6.68233941e+00  7.16547266e+00
  7.16547266e+00  1.00348391e+01  1.09540052e+01  1.09540052e+01
  1.09540052e+01  1.09540052e+01  1.33715040e+01  1.33715040e+01
  1.33715040e+01  1.39767972e+01  1.39767972e+01  1.39767972e+01
  1.39767972e+01  1.39767972e+01  1.47576773e+01  1.47576773e+01
  2.35855354e+01  2.35855354e+01  2.35855354e+01  2.35855354e+01
  2.49876065e+01  2.59311096e+01  2.59311096e+01  2.59311096e+01
  2.99326810e+01  2.99326810e+01  3.23844388e+01  3.23844388e+01
  3.23844388e+01  3.23844388e+01  3.23844388e+01  5.08625604e+01
  5.08625604e+01  5.08625604e+01  5.10696699e+01  5.10696699e+01
  5.10696699e+01  5.10696699e+01  5.87633613e+01  6.04048200e+01
  6.04048200e+01  1.20145493e+02  1.20145493e+02  1.20145493e+02
  1.21899236e+02  1.21899236e+02  1.33410035e+02  2.41430398e+02
  2.41430398e+02  2.86704862e+02  2.86704862e+02  2.86704862e+02
  2.97261791e+02  4.20389892e+02  4.20389892e+02  4.20389892e+02
  4.20389892e+02  4.65634710e+02  4.65634710e+02  6.57022450e+02
  6.66706883e+02  6.66706883e+02  6.66706883e+02  8.81349754e+02
  8.81349754e+02  1.19408105e+03  1.19408105e+03  1.19408105e+03
  1.19408105e+03  1.44682303e+03  1.56209127e+03  1.56209127e+03
  1.56209127e+03  1.66206753e+03  1.66206753e+03  3.16724280e+03
  3.19155026e+03  3.19155026e+03  6.83038104e+03  1.43272429e+04
  2.90478931e+04  5.75126567e+04  1.14332180e+05  2.39206308e+05
  5.81055339e+05]
alpha-B1g nocc = 0
   mo_energy = [5.18506629e-02 4.97118626e-01 1.03921202e+00 1.03921202e+00
 1.43623173e+00 3.02410613e+00 3.02410613e+00 3.34695718e+00
 4.62885097e+00 4.62885097e+00 4.62885097e+00 6.68233941e+00
 6.68233941e+00 7.16547266e+00 1.09540052e+01 1.09540052e+01
 1.09540052e+01 1.33715040e+01 1.33715040e+01 1.39767972e+01
 1.39767972e+01 1.39767972e+01 1.39767972e+01 1.47576773e+01
 2.35855354e+01 2.35855354e+01 2.35855354e+01 2.59311096e+01
 2.59311096e+01 2.99326810e+01 3.23844388e+01 3.23844388e+01
 3.23844388e+01 3.23844388e+01 5.08625604e+01 5.08625604e+01
 5.10696699e+01 5.10696699e+01 5.10696699e+01 6.04048200e+01
 1.20145493e+02 1.20145493e+02 1.21899236e+02 2.41430398e+02
 2.86704862e+02 2.86704862e+02 4.20389892e+02 4.20389892e+02
 4.20389892e+02 4.65634710e+02 6.66706883e+02 6.66706883e+02
 8.81349754e+02 1.19408105e+03 1.19408105e+03 1.19408105e+03
 1.56209127e+03 1.56209127e+03 1.66206753e+03 3.19155026e+03]
alpha-B2g nocc = 0
   mo_energy = [5.18506629e-02 4.97118626e-01 1.03921202e+00 1.03921202e+00
 1.43623173e+00 3.02410613e+00 3.02410613e+00 3.34695718e+00
 4.62885097e+00 4.62885097e+00 4.62885097e+00 6.68233941e+00
 6.68233941e+00 7.16547266e+00 1.09540052e+01 1.09540052e+01
 1.09540052e+01 1.33715040e+01 1.33715040e+01 1.39767972e+01
 1.39767972e+01 1.39767972e+01 1.39767972e+01 1.47576773e+01
 2.35855354e+01 2.35855354e+01 2.35855354e+01 2.59311096e+01
 2.59311096e+01 2.99326810e+01 3.23844388e+01 3.23844388e+01
 3.23844388e+01 3.23844388e+01 5.08625604e+01 5.08625604e+01
 5.10696699e+01 5.10696699e+01 5.10696699e+01 6.04048200e+01
 1.20145493e+02 1.20145493e+02 1.21899236e+02 2.41430398e+02
 2.86704862e+02 2.86704862e+02 4.20389892e+02 4.20389892e+02
 4.20389892e+02 4.65634710e+02 6.66706883e+02 6.66706883e+02
 8.81349754e+02 1.19408105e+03 1.19408105e+03 1.19408105e+03
 1.56209127e+03 1.56209127e+03 1.66206753e+03 3.19155026e+03]
alpha-B3g nocc = 0
   mo_energy = [5.18506629e-02 4.97118626e-01 1.03921202e+00 1.03921202e+00
 1.43623173e+00 3.02410613e+00 3.02410613e+00 3.34695718e+00
 4.62885097e+00 4.62885097e+00 4.62885097e+00 6.68233941e+00
 6.68233941e+00 7.16547266e+00 1.09540052e+01 1.09540052e+01
 1.09540052e+01 1.33715040e+01 1.33715040e+01 1.39767972e+01
 1.39767972e+01 1.39767972e+01 1.39767972e+01 1.47576773e+01
 2.35855354e+01 2.35855354e+01 2.35855354e+01 2.59311096e+01
 2.59311096e+01 2.99326810e+01 3.23844388e+01 3.23844388e+01
 3.23844388e+01 3.23844388e+01 5.08625604e+01 5.08625604e+01
 5.10696699e+01 5.10696699e+01 5.10696699e+01 6.04048200e+01
 1.20145493e+02 1.20145493e+02 1.21899236e+02 2.41430398e+02
 2.86704862e+02 2.86704862e+02 4.20389892e+02 4.20389892e+02
 4.20389892e+02 4.65634710e+02 6.66706883e+02 6.66706883e+02
 8.81349754e+02 1.19408105e+03 1.19408105e+03 1.19408105e+03
 1.56209127e+03 1.56209127e+03 1.66206753e+03 3.19155026e+03]
alpha-Au nocc = 0
   mo_energy = [4.40944493e-01 1.58733469e+00 2.69510009e+00 2.69510009e+00
 3.87235143e+00 6.86431700e+00 6.86431700e+00 8.19186007e+00
 8.19186007e+00 8.19186007e+00 8.33857446e+00 1.46378972e+01
 1.46378972e+01 1.71656476e+01 1.91428272e+01 1.91428272e+01
 1.91428272e+01 2.96212691e+01 2.96212691e+01 3.49126825e+01
 4.32518054e+01 4.32518054e+01 4.32518054e+01 6.05212630e+01
 6.05212630e+01 7.13415225e+01 1.50406831e+02 1.69229990e+02
 1.69229990e+02 3.12094923e+02 4.51950723e+02 4.51950723e+02
 6.29566635e+02 8.62768029e+02 8.62768029e+02 8.62768029e+02
 1.18070586e+03 1.18070586e+03 1.25436149e+03 2.54021335e+03]
alpha-B1u nocc = 1  HOMO = -1.33044716790572  LUMO = -0.100133732710231
   mo_energy = [-1.33044717e+00 -1.00133733e-01  3.88189459e-02  4.06092267e-01
  4.40944493e-01  4.40944493e-01  1.30973858e+00  1.58733469e+00
  1.58733469e+00  2.69510009e+00  2.69510009e+00  2.69510009e+00
  3.33498278e+00  3.87235143e+00  3.87235143e+00  6.86431700e+00
  6.86431700e+00  6.86431700e+00  7.61445686e+00  8.19186007e+00
  8.19186007e+00  8.19186007e+00  8.19186007e+00  8.33857446e+00
  8.33857446e+00  1.46378972e+01  1.46378972e+01  1.46378972e+01
  1.63111040e+01  1.71656476e+01  1.71656476e+01  1.91428272e+01
  1.91428272e+01  1.91428272e+01  1.91428272e+01  2.96212691e+01
  2.96212691e+01  2.96212691e+01  3.31647791e+01  3.49126825e+01
  3.49126825e+01  4.32518054e+01  4.32518054e+01  4.32518054e+01
  4.32518054e+01  6.05212630e+01  6.05212630e+01  6.05212630e+01
  6.33786771e+01  7.13415225e+01  7.13415225e+01  1.12857004e+02
  1.50406831e+02  1.50406831e+02  1.69229990e+02  1.69229990e+02
  1.69229990e+02  1.88398869e+02  2.99117696e+02  3.12094923e+02
  3.12094923e+02  4.51950723e+02  4.51950723e+02  4.51950723e+02
  4.58252690e+02  6.29566635e+02  6.29566635e+02  6.85511071e+02
  8.62768029e+02  8.62768029e+02  8.62768029e+02  8.62768029e+02
  1.01003724e+03  1.18070586e+03  1.18070586e+03  1.18070586e+03
  1.25436149e+03  1.25436149e+03  1.47539790e+03  2.14844657e+03
  2.54021335e+03  2.54021335e+03  3.13136125e+03  4.61584586e+03
  6.97149797e+03  1.27591365e+04]
alpha-B2u nocc = 1  HOMO = -1.33044716790871  LUMO = -0.100133732709654
   mo_energy = [-1.33044717e+00 -1.00133733e-01  3.88189459e-02  4.06092267e-01
  4.40944493e-01  4.40944493e-01  1.30973858e+00  1.58733469e+00
  1.58733469e+00  2.69510009e+00  2.69510009e+00  2.69510009e+00
  3.33498278e+00  3.87235143e+00  3.87235143e+00  6.86431700e+00
  6.86431700e+00  6.86431700e+00  7.61445686e+00  8.19186007e+00
  8.19186007e+00  8.19186007e+00  8.19186007e+00  8.33857446e+00
  8.33857446e+00  1.46378972e+01  1.46378972e+01  1.46378972e+01
  1.63111040e+01  1.71656476e+01  1.71656476e+01  1.91428272e+01
  1.91428272e+01  1.91428272e+01  1.91428272e+01  2.96212691e+01
  2.96212691e+01  2.96212691e+01  3.31647792e+01  3.49126825e+01
  3.49126825e+01  4.32518054e+01  4.32518054e+01  4.32518054e+01
  4.32518054e+01  6.05212630e+01  6.05212630e+01  6.05212630e+01
  6.33786771e+01  7.13415225e+01  7.13415225e+01  1.12857004e+02
  1.50406831e+02  1.50406831e+02  1.69229990e+02  1.69229990e+02
  1.69229990e+02  1.88398869e+02  2.99117696e+02  3.12094923e+02
  3.12094923e+02  4.51950723e+02  4.51950723e+02  4.51950723e+02
  4.58252690e+02  6.29566635e+02  6.29566635e+02  6.85511069e+02
  8.62768029e+02  8.62768029e+02  8.62768029e+02  8.62768029e+02
  1.01003724e+03  1.18070586e+03  1.18070586e+03  1.18070586e+03
  1.25436149e+03  1.25436149e+03  1.47539789e+03  2.14844656e+03
  2.54021335e+03  2.54021335e+03  3.13136125e+03  4.61584586e+03
  6.97149797e+03  1.27591365e+04]
alpha-B3u nocc = 1  HOMO = -1.33044716791362  LUMO = -0.100133732706655
   mo_energy = [-1.33044717e+00 -1.00133733e-01  3.88189459e-02  4.06092267e-01
  4.40944493e-01  4.40944493e-01  1.30973858e+00  1.58733469e+00
  1.58733469e+00  2.69510009e+00  2.69510009e+00  2.69510009e+00
  3.33498278e+00  3.87235143e+00  3.87235143e+00  6.86431700e+00
  6.86431700e+00  6.86431700e+00  7.61445686e+00  8.19186007e+00
  8.19186007e+00  8.19186007e+00  8.19186007e+00  8.33857446e+00
  8.33857446e+00  1.46378972e+01  1.46378972e+01  1.46378972e+01
  1.63111040e+01  1.71656476e+01  1.71656476e+01  1.91428272e+01
  1.91428272e+01  1.91428272e+01  1.91428272e+01  2.96212691e+01
  2.96212691e+01  2.96212691e+01  3.31647792e+01  3.49126825e+01
  3.49126825e+01  4.32518054e+01  4.32518054e+01  4.32518054e+01
  4.32518054e+01  6.05212630e+01  6.05212630e+01  6.05212630e+01
  6.33786771e+01  7.13415225e+01  7.13415225e+01  1.12857004e+02
  1.50406831e+02  1.50406831e+02  1.69229990e+02  1.69229990e+02
  1.69229990e+02  1.88398869e+02  2.99117696e+02  3.12094923e+02
  3.12094923e+02  4.51950723e+02  4.51950723e+02  4.51950723e+02
  4.58252690e+02  6.29566635e+02  6.29566635e+02  6.85511068e+02
  8.62768029e+02  8.62768029e+02  8.62768029e+02  8.62768029e+02
  1.01003724e+03  1.18070586e+03  1.18070586e+03  1.18070586e+03
  1.25436149e+03  1.25436149e+03  1.47539789e+03  2.14844656e+03
  2.54021335e+03  2.54021335e+03  3.13136125e+03  4.61584586e+03
  6.97149797e+03  1.27591365e+04]
beta-Ag nocc = 2  HOMO = -1.53259187170425  LUMO = -0.136427603844675
   mo_energy = [-2.12928689e+01 -1.53259187e+00 -1.36427604e-01  5.69524182e-02
  5.69524182e-02  1.94264495e-01  5.33740002e-01  5.33740002e-01
  1.04093867e+00  1.04093867e+00  1.04093867e+00  1.17820744e+00
  1.53017335e+00  1.53017335e+00  3.03812773e+00  3.03812773e+00
  3.03812773e+00  3.47819161e+00  3.47819161e+00  3.77118704e+00
  4.63343510e+00  4.63343510e+00  4.63343510e+00  4.63343510e+00
  6.71985599e+00  6.71985599e+00  6.71985599e+00  7.29666042e+00
  7.29666042e+00  1.01344475e+01  1.09723994e+01  1.09723994e+01
  1.09723994e+01  1.09723994e+01  1.34298202e+01  1.34298202e+01
  1.34298202e+01  1.39859725e+01  1.39859725e+01  1.39859725e+01
  1.39859725e+01  1.39859725e+01  1.48664148e+01  1.48664148e+01
  2.36218844e+01  2.36218844e+01  2.36218844e+01  2.36218844e+01
  2.50625418e+01  2.59958021e+01  2.59958021e+01  2.59958021e+01
  3.00118415e+01  3.00118415e+01  3.24075912e+01  3.24075912e+01
  3.24075912e+01  3.24075912e+01  3.24075912e+01  5.09187579e+01
  5.09187579e+01  5.09187579e+01  5.11137959e+01  5.11137959e+01
  5.11137959e+01  5.11137959e+01  5.88090680e+01  6.04557908e+01
  6.04557908e+01  1.20179985e+02  1.20179985e+02  1.20179985e+02
  1.21928289e+02  1.21928289e+02  1.33433728e+02  2.41445550e+02
  2.41445550e+02  2.86719814e+02  2.86719814e+02  2.86719814e+02
  2.97272659e+02  4.20401336e+02  4.20401336e+02  4.20401336e+02
  4.20401336e+02  4.65642208e+02  4.65642208e+02  6.57027051e+02
  6.66712461e+02  6.66712461e+02  6.66712461e+02  8.81353319e+02
  8.81353319e+02  1.19408407e+03  1.19408407e+03  1.19408407e+03
  1.19408407e+03  1.44682491e+03  1.56209310e+03  1.56209310e+03
  1.56209310e+03  1.66206915e+03  1.66206915e+03  3.16724357e+03
  3.19155096e+03  3.19155096e+03  6.83038135e+03  1.43272431e+04
  2.90478931e+04  5.75126567e+04  1.14332180e+05  2.39206308e+05
  5.81055339e+05]
beta-B1g nocc = 0
   mo_energy = [5.69524182e-02 5.33740002e-01 1.04093867e+00 1.04093867e+00
 1.53017335e+00 3.03812773e+00 3.03812773e+00 3.47819161e+00
 4.63343510e+00 4.63343510e+00 4.63343510e+00 6.71985599e+00
 6.71985599e+00 7.29666042e+00 1.09723994e+01 1.09723994e+01
 1.09723994e+01 1.34298202e+01 1.34298202e+01 1.39859725e+01
 1.39859725e+01 1.39859725e+01 1.39859725e+01 1.48664148e+01
 2.36218844e+01 2.36218844e+01 2.36218844e+01 2.59958021e+01
 2.59958021e+01 3.00118415e+01 3.24075912e+01 3.24075912e+01
 3.24075912e+01 3.24075912e+01 5.09187579e+01 5.09187579e+01
 5.11137959e+01 5.11137959e+01 5.11137959e+01 6.04557908e+01
 1.20179985e+02 1.20179985e+02 1.21928289e+02 2.41445550e+02
 2.86719814e+02 2.86719814e+02 4.20401336e+02 4.20401336e+02
 4.20401336e+02 4.65642208e+02 6.66712461e+02 6.66712461e+02
 8.81353319e+02 1.19408407e+03 1.19408407e+03 1.19408407e+03
 1.56209310e+03 1.56209310e+03 1.66206915e+03 3.19155096e+03]
beta-B2g nocc = 0
   mo_energy = [5.69524182e-02 5.33740002e-01 1.04093867e+00 1.04093867e+00
 1.53017335e+00 3.03812773e+00 3.03812773e+00 3.47819161e+00
 4.63343510e+00 4.63343510e+00 4.63343510e+00 6.71985599e+00
 6.71985599e+00 7.29666042e+00 1.09723994e+01 1.09723994e+01
 1.09723994e+01 1.34298202e+01 1.34298202e+01 1.39859725e+01
 1.39859725e+01 1.39859725e+01 1.39859725e+01 1.48664148e+01
 2.36218844e+01 2.36218844e+01 2.36218844e+01 2.59958021e+01
 2.59958021e+01 3.00118415e+01 3.24075912e+01 3.24075912e+01
 3.24075912e+01 3.24075912e+01 5.09187579e+01 5.09187579e+01
 5.11137959e+01 5.11137959e+01 5.11137959e+01 6.04557908e+01
 1.20179985e+02 1.20179985e+02 1.21928289e+02 2.41445550e+02
 2.86719814e+02 2.86719814e+02 4.20401336e+02 4.20401336e+02
 4.20401336e+02 4.65642208e+02 6.66712461e+02 6.66712461e+02
 8.81353319e+02 1.19408407e+03 1.19408407e+03 1.19408407e+03
 1.56209310e+03 1.56209310e+03 1.66206915e+03 3.19155096e+03]
beta-B3g nocc = 0
   mo_energy = [5.69524182e-02 5.33740002e-01 1.04093867e+00 1.04093867e+00
 1.53017335e+00 3.03812773e+00 3.03812773e+00 3.47819161e+00
 4.63343510e+00 4.63343510e+00 4.63343510e+00 6.71985599e+00
 6.71985599e+00 7.29666042e+00 1.09723994e+01 1.09723994e+01
 1.09723994e+01 1.34298202e+01 1.34298202e+01 1.39859725e+01
 1.39859725e+01 1.39859725e+01 1.39859725e+01 1.48664148e+01
 2.36218844e+01 2.36218844e+01 2.36218844e+01 2.59958021e+01
 2.59958021e+01 3.00118415e+01 3.24075912e+01 3.24075912e+01
 3.24075912e+01 3.24075912e+01 5.09187579e+01 5.09187579e+01
 5.11137959e+01 5.11137959e+01 5.11137959e+01 6.04557908e+01
 1.20179985e+02 1.20179985e+02 1.21928289e+02 2.41445550e+02
 2.86719814e+02 2.86719814e+02 4.20401336e+02 4.20401336e+02
 4.20401336e+02 4.65642208e+02 6.66712461e+02 6.66712461e+02
 8.81353319e+02 1.19408407e+03 1.19408407e+03 1.19408407e+03
 1.56209310e+03 1.56209310e+03 1.66206915e+03 3.19155096e+03]
beta-Au nocc = 0
   mo_energy = [4.43182359e-01 1.60771058e+00 2.69911376e+00 2.69911376e+00
 3.93020882e+00 6.88384883e+00 6.88384883e+00 8.19856345e+00
 8.19856345e+00 8.19856345e+00 8.42654027e+00 1.46780581e+01
 1.46780581e+01 1.72568073e+01 1.91639188e+01 1.91639188e+01
 1.91639188e+01 2.96730489e+01 2.96730489e+01 3.49859356e+01
 4.32871402e+01 4.32871402e+01 4.32871402e+01 6.05691800e+01
 6.05691800e+01 7.13897979e+01 1.50433127e+02 1.69256754e+02
 1.69256754e+02 3.12107492e+02 4.51960349e+02 4.51960349e+02
 6.29572263e+02 8.62772911e+02 8.62772911e+02 8.62772911e+02
 1.18070869e+03 1.18070869e+03 1.25436387e+03 2.54021429e+03]
beta-B1u nocc = 0
   mo_energy = [-3.81951893e-01 -8.54730467e-02  6.92214389e-02  4.43182359e-01
  4.43182359e-01  4.71873298e-01  1.40939645e+00  1.60771058e+00
  1.60771058e+00  2.69911376e+00  2.69911376e+00  2.69911376e+00
  3.44824078e+00  3.93020882e+00  3.93020882e+00  6.88384883e+00
  6.88384883e+00  6.88384883e+00  7.72038921e+00  8.19856345e+00
  8.19856345e+00  8.19856345e+00  8.19856345e+00  8.42654027e+00
  8.42654027e+00  1.46780581e+01  1.46780581e+01  1.46780581e+01
  1.63971645e+01  1.72568073e+01  1.72568073e+01  1.91639188e+01
  1.91639188e+01  1.91639188e+01  1.91639188e+01  2.96730489e+01
  2.96730489e+01  2.96730489e+01  3.32268938e+01  3.49859356e+01
  3.49859356e+01  4.32871402e+01  4.32871402e+01  4.32871402e+01
  4.32871402e+01  6.05691800e+01  6.05691800e+01  6.05691800e+01
  6.34200918e+01  7.13897979e+01  7.13897979e+01  1.12883889e+02
  1.50433127e+02  1.50433127e+02  1.69256754e+02  1.69256754e+02
  1.69256754e+02  1.88416407e+02  2.99129265e+02  3.12107492e+02
  3.12107492e+02  4.51960349e+02  4.51960349e+02  4.51960349e+02
  4.58260359e+02  6.29572263e+02  6.29572263e+02  6.85516131e+02
  8.62772911e+02  8.62772911e+02  8.62772911e+02  8.62772911e+02
  1.01004054e+03  1.18070869e+03  1.18070869e+03  1.18070869e+03
  1.25436387e+03  1.25436387e+03  1.47540001e+03  2.14844788e+03
  2.54021429e+03  2.54021429e+03  3.13136205e+03  4.61584634e+03
  6.97149824e+03  1.27591366e+04]
beta-B2u nocc = 0
   mo_energy = [-3.81951893e-01 -8.54730467e-02  6.92214389e-02  4.43182359e-01
  4.43182359e-01  4.71873298e-01  1.40939645e+00  1.60771058e+00
  1.60771058e+00  2.69911376e+00  2.69911376e+00  2.69911376e+00
  3.44824078e+00  3.93020882e+00  3.93020882e+00  6.88384883e+00
  6.88384883e+00  6.88384883e+00  7.72038921e+00  8.19856345e+00
  8.19856345e+00  8.19856345e+00  8.19856345e+00  8.42654027e+00
  8.42654027e+00  1.46780581e+01  1.46780581e+01  1.46780581e+01
  1.63971645e+01  1.72568073e+01  1.72568073e+01  1.91639188e+01
  1.91639188e+01  1.91639188e+01  1.91639188e+01  2.96730489e+01
  2.96730489e+01  2.96730489e+01  3.32268938e+01  3.49859356e+01
  3.49859356e+01  4.32871402e+01  4.32871402e+01  4.32871402e+01
  4.32871402e+01  6.05691800e+01  6.05691800e+01  6.05691800e+01
  6.34200916e+01  7.13897979e+01  7.13897979e+01  1.12883888e+02
  1.50433127e+02  1.50433127e+02  1.69256754e+02  1.69256754e+02
  1.69256754e+02  1.88416406e+02  2.99129264e+02  3.12107492e+02
  3.12107492e+02  4.51960349e+02  4.51960349e+02  4.51960349e+02
  4.58260358e+02  6.29572263e+02  6.29572263e+02  6.85516128e+02
  8.62772911e+02  8.62772911e+02  8.62772911e+02  8.62772911e+02
  1.01004054e+03  1.18070869e+03  1.18070869e+03  1.18070869e+03
  1.25436387e+03  1.25436387e+03  1.47540000e+03  2.14844787e+03
  2.54021429e+03  2.54021429e+03  3.13136205e+03  4.61584633e+03
  6.97149824e+03  1.27591366e+04]
beta-B3u nocc = 0
   mo_energy = [-3.81951893e-01 -8.54730467e-02  6.92214389e-02  4.43182359e-01
  4.43182359e-01  4.71873298e-01  1.40939645e+00  1.60771058e+00
  1.60771058e+00  2.69911376e+00  2.69911376e+00  2.69911376e+00
  3.44824078e+00  3.93020882e+00  3.93020882e+00  6.88384883e+00
  6.88384883e+00  6.88384883e+00  7.72038921e+00  8.19856345e+00
  8.19856345e+00  8.19856345e+00  8.19856345e+00  8.42654027e+00
  8.42654027e+00  1.46780581e+01  1.46780581e+01  1.46780581e+01
  1.63971645e+01  1.72568073e+01  1.72568073e+01  1.91639188e+01
  1.91639188e+01  1.91639188e+01  1.91639188e+01  2.96730489e+01
  2.96730489e+01  2.96730489e+01  3.32268938e+01  3.49859356e+01
  3.49859356e+01  4.32871402e+01  4.32871402e+01  4.32871402e+01
  4.32871402e+01  6.05691800e+01  6.05691800e+01  6.05691800e+01
  6.34200916e+01  7.13897979e+01  7.13897979e+01  1.12883888e+02
  1.50433127e+02  1.50433127e+02  1.69256754e+02  1.69256754e+02
  1.69256754e+02  1.88416406e+02  2.99129263e+02  3.12107492e+02
  3.12107492e+02  4.51960349e+02  4.51960349e+02  4.51960349e+02
  4.58260358e+02  6.29572263e+02  6.29572263e+02  6.85516128e+02
  8.62772911e+02  8.62772911e+02  8.62772911e+02  8.62772911e+02
  1.01004053e+03  1.18070869e+03  1.18070869e+03  1.18070869e+03
  1.25436387e+03  1.25436387e+03  1.47540000e+03  2.14844788e+03
  2.54021429e+03  2.54021429e+03  3.13136206e+03  4.61584633e+03
  6.97149823e+03  1.27591366e+04]
multiplicity <S^2> = 3.7555257  2S+1 = 4.0027619
E1 = -98.54371475155628  Ecoul = 24.113837842442365
cycle= 1 E= -74.4298769091139  delta_E= -1.61e-06  |g|= 5.8e-05  |ddm|= 0.0206
    CPU time for cycle= 1    108.90 sec, wall time     27.33 sec

Extra cycle  E= -74.4298769095017  delta_E= 5.68e-14  |g|= 5.28e-10  |ddm|= 7.25e-11
    CPU time for scf_cycle   2708.59 sec, wall time    693.89 sec
    CPU time for SCF   2708.72 sec, wall time    693.93 sec
converged SCF energy = -74.4298769095017  <S^2> = 3.7555257  2S+1 = 4.0027619
irreps of each MO ['Ag' 'Ag' 'B1u' 'B2u' 'B3u' 'Ag' 'B1u' 'B2u' 'B3u' 'B1u' 'B2u' 'B3u' 'Ag'
 'Ag' 'B1g' 'B2g' 'B3g' 'Ag' 'B1u' 'B2u' 'B3u' 'Au' 'B1u' 'B1u' 'B2u'
 'B2u' 'B3u' 'B3u' 'Ag' 'Ag' 'B1g' 'B2g' 'B3g' 'Ag' 'Ag' 'Ag' 'B1g' 'B1g'
 'B2g' 'B2g' 'B3g' 'B3g' 'Ag' 'B1u' 'B2u' 'B3u' 'Ag' 'Ag' 'B1g' 'B2g'
 'B3g' 'Au' 'B1u' 'B1u' 'B2u' 'B2u' 'B3u' 'B3u' 'Au' 'Au' 'B1u' 'B1u'
 'B1u' 'B2u' 'B2u' 'B2u' 'B3u' 'B3u' 'B3u' 'Ag' 'Ag' 'Ag' 'B1g' 'B1g'
 'B2g' 'B2g' 'B3g' 'B3g' 'B1u' 'B2u' 'B3u' 'Ag' 'Ag' 'B1g' 'B2g' 'B3g'
 'Ag' 'Au' 'B1u' 'B1u' 'B2u' 'B2u' 'B3u' 'B3u' 'Ag' 'Ag' 'Ag' 'Ag' 'B1g'
 'B1g' 'B1g' 'B2g' 'B2g' 'B2g' 'B3g' 'B3g' 'B3g' 'Ag' 'Ag' 'Ag' 'B1g'
 'B1g' 'B2g' 'B2g' 'B3g' 'B3g' 'Au' 'Au' 'B1u' 'B1u' 'B1u' 'B2u' 'B2u'
 'B2u' 'B3u' 'B3u' 'B3u' 'Ag' 'Ag' 'B1g' 'B2g' 'B3g' 'B1u' 'B2u' 'B3u'
 'Au' 'Au' 'Au' 'B1u' 'B1u' 'B1u' 'B1u' 'B2u' 'B2u' 'B2u' 'B2u' 'B3u'
 'B3u' 'B3u' 'B3u' 'Au' 'B1u' 'B1u' 'B2u' 'B2u' 'B3u' 'B3u' 'Ag' 'Ag' 'Ag'
 'Ag' 'Ag' 'B1g' 'B1g' 'B1g' 'B2g' 'B2g' 'B2g' 'B3g' 'B3g' 'B3g' 'Ag' 'Ag'
 'Ag' 'B1g' 'B1g' 'B2g' 'B2g' 'B3g' 'B3g' 'Ag' 'Ag' 'Ag' 'Ag' 'Ag' 'B1g'
 'B1g' 'B1g' 'B1g' 'B2g' 'B2g' 'B2g' 'B2g' 'B3g' 'B3g' 'B3g' 'B3g' 'Au'
 'Au' 'B1u' 'B1u' 'B1u' 'B2u' 'B2u' 'B2u' 'B3u' 'B3u' 'B3u' 'B1g' 'Ag'
 'Ag' 'B2g' 'B3g' 'B1u' 'B2u' 'B3u' 'Au' 'B1u' 'B1u' 'B2u' 'B2u' 'B3u'
 'B3u' 'Au' 'Au' 'Au' 'B1u' 'B1u' 'B1u' 'B1u' 'B2u' 'B2u' 'B2u' 'B2u'
 'B3u' 'B3u' 'B3u' 'B3u' 'Ag' 'Ag' 'Ag' 'Ag' 'B1g' 'B1g' 'B1g' 'B2g' 'B2g'
 'B2g' 'B3g' 'B3g' 'B3g' 'Ag' 'Ag' 'Ag' 'Ag' 'B1g' 'B1g' 'B2g' 'B2g' 'B3g'
 'B3g' 'Au' 'Au' 'B1u' 'B1u' 'B1u' 'B2u' 'B2u' 'B2u' 'B3u' 'B3u' 'B3u'
 'Ag' 'Ag' 'B1g' 'B2g' 'B3g' 'Ag' 'Ag' 'Ag' 'Ag' 'Ag' 'B1g' 'B1g' 'B1g'
 'B1g' 'B2g' 'B2g' 'B2g' 'B2g' 'B3g' 'B3g' 'B3g' 'B3g' 'B1u' 'B2u' 'B3u'
 'Au' 'B1u' 'B1u' 'B2u' 'B2u' 'B3u' 'B3u' 'Au' 'Au' 'Au' 'B1u' 'B1u' 'B1u'
 'B1u' 'B2u' 'B2u' 'B2u' 'B2u' 'B3u' 'B3u' 'B3u' 'B3u' 'Ag' 'Ag' 'Ag'
 'B1g' 'B1g' 'B2g' 'B2g' 'B3g' 'B3g' 'Ag' 'Ag' 'Ag' 'Ag' 'B1g' 'B1g' 'B1g'
 'B2g' 'B2g' 'B2g' 'B3g' 'B3g' 'B3g' 'Ag' 'Ag' 'Ag' 'B1g' 'B2g' 'B3g' 'Au'
 'Au' 'B1u' 'B1u' 'B1u' 'B2u' 'B2u' 'B2u' 'B3u' 'B3u' 'B3u' 'B1u' 'B2u'
 'B3u' 'Au' 'B1u' 'B1u' 'B2u' 'B2u' 'B3u' 'B3u' 'B1u' 'B2u' 'B3u' 'Ag'
 'Ag' 'Ag' 'B1g' 'B1g' 'B2g' 'B2g' 'B3g' 'B3g' 'Ag' 'Ag' 'B1g' 'B2g' 'B3g'
 'Ag' 'Au' 'B1u' 'B1u' 'B2u' 'B2u' 'B3u' 'B3u' 'Au' 'Au' 'B1u' 'B1u' 'B1u'
 'B2u' 'B2u' 'B2u' 'B3u' 'B3u' 'B3u' 'B1u' 'B2u' 'B3u' 'Ag' 'Ag' 'B1g'
 'B2g' 'B3g' 'Ag' 'Ag' 'Ag' 'B1g' 'B1g' 'B2g' 'B2g' 'B3g' 'B3g' 'Ag' 'B2u'
 'B1u' 'B3u' 'Au' 'B1u' 'B1u' 'B2u' 'B2u' 'B3u' 'B3u' 'Ag' 'Ag' 'Ag' 'Ag'
 'B1g' 'B1g' 'B1g' 'B2g' 'B2g' 'B2g' 'B3g' 'B3g' 'B3g' 'Au' 'Au' 'B1u'
 'B1u' 'B1u' 'B2u' 'B2u' 'B2u' 'B3u' 'B3u' 'B3u' 'B2u' 'B3u' 'B1u' 'Ag'
 'Ag' 'B1g' 'B2g' 'B3g' 'Au' 'B1u' 'B1u' 'B2u' 'B2u' 'B3u' 'B3u' 'Ag' 'Ag'
 'Ag' 'Ag' 'B1g' 'B1g' 'B2g' 'B2g' 'B3g' 'B3g' 'B2u' 'B3u' 'B1u' 'Au' 'Au'
 'Au' 'B1u' 'B1u' 'B1u' 'B1u' 'B2u' 'B2u' 'B2u' 'B2u' 'B3u' 'B3u' 'B3u'
 'B3u' 'Ag' 'Ag' 'B1g' 'B2g' 'B3g' 'B3u' 'B2u' 'B1u' 'Au' 'Au' 'B1u' 'B1u'
 'B1u' 'B2u' 'B2u' 'B2u' 'B3u' 'B3u' 'B3u' 'Ag' 'Ag' 'Ag' 'Ag' 'B1g' 'B1g'
 'B1g' 'B2g' 'B2g' 'B2g' 'B3g' 'B3g' 'B3g' 'Au' 'B1u' 'B1u' 'B2u' 'B2u'
 'B3u' 'B3u' 'Ag' 'B3u' 'B2u' 'B1u' 'Ag' 'Ag' 'Ag' 'B1g' 'B1g' 'B2g' 'B2g'
 'B3g' 'B3g' 'Ag' 'Ag' 'B1g' 'B2g' 'B3g' 'B2u' 'B3u' 'B1u' 'Au' 'B1u'
 'B1u' 'B2u' 'B2u' 'B3u' 'B3u' 'B1u' 'B3u' 'B2u' 'Ag' 'Ag' 'Ag' 'B1g'
 'B2g' 'B3g' 'B2u' 'B3u' 'B1u' 'Ag' 'B3u' 'B2u' 'B1u' 'B2u' 'B1u' 'B3u'
 'Ag' 'Ag' 'Ag' 'Ag' 'Ag' 'Ag']
irreps of each MO ['Ag' 'Ag' 'B1u' 'B2u' 'B3u' 'Ag' 'B1u' 'B2u' 'B3u' 'Ag' 'Ag' 'B1g' 'B2g'
 'B3g' 'B1u' 'B2u' 'B3u' 'Ag' 'Au' 'B1u' 'B1u' 'B2u' 'B2u' 'B3u' 'B3u'
 'B1u' 'B2u' 'B3u' 'Ag' 'Ag' 'B1g' 'B2g' 'B3g' 'Ag' 'Ag' 'Ag' 'B1g' 'B1g'
 'B2g' 'B2g' 'B3g' 'B3g' 'Ag' 'B2u' 'B1u' 'B3u' 'Ag' 'Ag' 'B2g' 'B3g'
 'B1g' 'Au' 'B1u' 'B1u' 'B2u' 'B2u' 'B3u' 'B3u' 'Au' 'Au' 'B1u' 'B1u'
 'B1u' 'B2u' 'B2u' 'B2u' 'B3u' 'B3u' 'B3u' 'Ag' 'Ag' 'Ag' 'B1g' 'B1g'
 'B2g' 'B2g' 'B3g' 'B3g' 'B2u' 'B1u' 'B3u' 'Ag' 'Ag' 'B1g' 'B2g' 'B3g'
 'Ag' 'Au' 'B1u' 'B1u' 'B2u' 'B2u' 'B3u' 'B3u' 'Ag' 'Ag' 'Ag' 'Ag' 'B1g'
 'B1g' 'B1g' 'B2g' 'B2g' 'B2g' 'B3g' 'B3g' 'B3g' 'Ag' 'Ag' 'Ag' 'B1g'
 'B1g' 'B2g' 'B2g' 'B3g' 'B3g' 'Au' 'Au' 'B1u' 'B1u' 'B1u' 'B2u' 'B2u'
 'B2u' 'B3u' 'B3u' 'B3u' 'Ag' 'Ag' 'B1g' 'B2g' 'B3g' 'B2u' 'B3u' 'B1u'
 'Au' 'Au' 'Au' 'B1u' 'B1u' 'B1u' 'B1u' 'B2u' 'B2u' 'B2u' 'B2u' 'B3u'
 'B3u' 'B3u' 'B3u' 'Au' 'B1u' 'B1u' 'B2u' 'B2u' 'B3u' 'B3u' 'Ag' 'Ag' 'Ag'
 'Ag' 'Ag' 'B1g' 'B1g' 'B1g' 'B2g' 'B2g' 'B2g' 'B3g' 'B3g' 'B3g' 'Ag' 'Ag'
 'Ag' 'B1g' 'B1g' 'B2g' 'B2g' 'B3g' 'B3g' 'Ag' 'Ag' 'Ag' 'Ag' 'Ag' 'B1g'
 'B1g' 'B1g' 'B1g' 'B2g' 'B2g' 'B2g' 'B2g' 'B3g' 'B3g' 'B3g' 'B3g' 'Au'
 'Au' 'B1u' 'B1u' 'B1u' 'B2u' 'B2u' 'B2u' 'B3u' 'B3u' 'B3u' 'Ag' 'Ag'
 'B1g' 'B2g' 'B3g' 'B2u' 'B3u' 'B1u' 'Au' 'B1u' 'B1u' 'B2u' 'B2u' 'B3u'
 'B3u' 'Au' 'Au' 'Au' 'B1u' 'B1u' 'B1u' 'B1u' 'B2u' 'B2u' 'B2u' 'B2u'
 'B3u' 'B3u' 'B3u' 'B3u' 'Ag' 'Ag' 'Ag' 'Ag' 'B1g' 'B1g' 'B1g' 'B2g' 'B2g'
 'B2g' 'B3g' 'B3g' 'B3g' 'Ag' 'Ag' 'Ag' 'Ag' 'B1g' 'B1g' 'B2g' 'B2g' 'B3g'
 'B3g' 'Au' 'Au' 'B1u' 'B1u' 'B1u' 'B2u' 'B2u' 'B2u' 'B3u' 'B3u' 'B3u'
 'Ag' 'Ag' 'B1g' 'B2g' 'B3g' 'Ag' 'Ag' 'Ag' 'Ag' 'Ag' 'B1g' 'B1g' 'B1g'
 'B1g' 'B2g' 'B2g' 'B2g' 'B2g' 'B3g' 'B3g' 'B3g' 'B3g' 'B2u' 'B3u' 'B1u'
 'Au' 'B1u' 'B1u' 'B2u' 'B2u' 'B3u' 'B3u' 'Au' 'Au' 'Au' 'B1u' 'B1u' 'B1u'
 'B1u' 'B2u' 'B2u' 'B2u' 'B2u' 'B3u' 'B3u' 'B3u' 'B3u' 'Ag' 'Ag' 'Ag'
 'B1g' 'B1g' 'B2g' 'B2g' 'B3g' 'B3g' 'Ag' 'Ag' 'Ag' 'Ag' 'B1g' 'B1g' 'B1g'
 'B2g' 'B2g' 'B2g' 'B3g' 'B3g' 'B3g' 'Ag' 'Ag' 'Ag' 'B1g' 'B2g' 'B3g' 'Au'
 'Au' 'B1u' 'B1u' 'B1u' 'B2u' 'B2u' 'B2u' 'B3u' 'B3u' 'B3u' 'B2u' 'B3u'
 'B1u' 'Au' 'B1u' 'B1u' 'B2u' 'B2u' 'B3u' 'B3u' 'B2u' 'B3u' 'B1u' 'Ag'
 'Ag' 'Ag' 'B1g' 'B1g' 'B2g' 'B2g' 'B3g' 'B3g' 'Ag' 'Ag' 'B1g' 'B2g' 'B3g'
 'Ag' 'Au' 'B1u' 'B1u' 'B2u' 'B2u' 'B3u' 'B3u' 'Au' 'Au' 'B1u' 'B1u' 'B1u'
 'B2u' 'B2u' 'B2u' 'B3u' 'B3u' 'B3u' 'B2u' 'B3u' 'B1u' 'Ag' 'Ag' 'B1g'
 'B2g' 'B3g' 'Ag' 'Ag' 'Ag' 'B1g' 'B1g' 'B2g' 'B2g' 'B3g' 'B3g' 'Ag' 'B2u'
 'B3u' 'B1u' 'Au' 'B1u' 'B1u' 'B2u' 'B2u' 'B3u' 'B3u' 'Ag' 'Ag' 'Ag' 'Ag'
 'B1g' 'B1g' 'B1g' 'B2g' 'B2g' 'B2g' 'B3g' 'B3g' 'B3g' 'Au' 'Au' 'B1u'
 'B1u' 'B1u' 'B2u' 'B2u' 'B2u' 'B3u' 'B3u' 'B3u' 'B2u' 'B3u' 'B1u' 'Ag'
 'Ag' 'B1g' 'B2g' 'B3g' 'Au' 'B1u' 'B1u' 'B2u' 'B2u' 'B3u' 'B3u' 'Ag' 'Ag'
 'Ag' 'Ag' 'B1g' 'B1g' 'B2g' 'B2g' 'B3g' 'B3g' 'B2u' 'B3u' 'B1u' 'Au' 'Au'
 'Au' 'B1u' 'B1u' 'B1u' 'B1u' 'B2u' 'B2u' 'B2u' 'B2u' 'B3u' 'B3u' 'B3u'
 'B3u' 'Ag' 'Ag' 'B1g' 'B2g' 'B3g' 'B2u' 'B3u' 'B1u' 'Au' 'Au' 'B1u' 'B1u'
 'B1u' 'B2u' 'B2u' 'B2u' 'B3u' 'B3u' 'B3u' 'Ag' 'Ag' 'Ag' 'Ag' 'B1g' 'B1g'
 'B1g' 'B2g' 'B2g' 'B2g' 'B3g' 'B3g' 'B3g' 'Au' 'B1u' 'B1u' 'B2u' 'B2u'
 'B3u' 'B3u' 'Ag' 'B2u' 'B3u' 'B1u' 'Ag' 'Ag' 'Ag' 'B1g' 'B1g' 'B2g' 'B2g'
 'B3g' 'B3g' 'Ag' 'Ag' 'B1g' 'B2g' 'B3g' 'B2u' 'B3u' 'B1u' 'Au' 'B1u'
 'B1u' 'B2u' 'B2u' 'B3u' 'B3u' 'B1u' 'B2u' 'B3u' 'Ag' 'Ag' 'Ag' 'B1g'
 'B2g' 'B3g' 'B2u' 'B3u' 'B1u' 'Ag' 'B3u' 'B2u' 'B1u' 'B1u' 'B2u' 'B3u'
 'Ag' 'Ag' 'Ag' 'Ag' 'Ag' 'Ag']
irreps of each MO ['Ag' 'Ag' 'B3u' 'B2u' 'B1u' 'Ag' 'B1u' 'B2u' 'B3u' 'B2u' 'B1u' 'B3u'
 'B1g' 'B3g' 'B2g' 'Ag' 'Ag' 'Ag' 'B2u' 'B1u' 'B3u' 'B1u' 'B2u' 'B3u'
 'B2u' 'Au' 'B1u' 'B3u' 'B3g' 'Ag' 'B1g' 'B2g' 'Ag' 'B2g' 'Ag' 'Ag' 'B2g'
 'B3g' 'B1g' 'B1g' 'Ag' 'B3g' 'Ag' 'B1u' 'B2u' 'B3u' 'B2g' 'Ag' 'Ag' 'B3g'
 'B1g' 'B3u' 'Au' 'B1u' 'B2u' 'B1u' 'B3u' 'B2u' 'B3u' 'B1u' 'B1u' 'Au'
 'B1u' 'Au' 'B2u' 'B3u' 'B3u' 'B2u' 'B2u' 'B2g' 'B3g' 'Ag' 'B2g' 'B3g'
 'Ag' 'Ag' 'B1g' 'B1g' 'B1u' 'B2u' 'B3u' 'Ag' 'B1g' 'B3g' 'B2g' 'Ag' 'Ag'
 'B1u' 'B3u' 'B2u' 'B3u' 'B1u' 'B2u' 'Au' 'B2g' 'Ag' 'B3g' 'B1g' 'B3g'
 'Ag' 'B2g' 'B1g' 'B1g' 'Ag' 'B2g' 'Ag' 'B3g' 'Ag' 'B1g' 'B3g' 'Ag' 'B2g'
 'Ag' 'B1g' 'B2g' 'B3g' 'B1u' 'B3u' 'B2u' 'Au' 'B1u' 'B3u' 'Au' 'B2u'
 'B2u' 'B1u' 'B3u' 'Ag' 'B3g' 'B1g' 'B2g' 'Ag' 'B1u' 'B2u' 'B3u' 'Au'
 'B1u' 'B2u' 'B2u' 'B3u' 'B1u' 'Au' 'B1u' 'B3u' 'B1u' 'B3u' 'B3u' 'Au'
 'B2u' 'B2u' 'B1u' 'B3u' 'B3u' 'B2u' 'Au' 'B2u' 'B1u' 'Ag' 'B1g' 'Ag'
 'B1g' 'Ag' 'B2g' 'Ag' 'B3g' 'B3g' 'Ag' 'B3g' 'B1g' 'B2g' 'B2g' 'B1g'
 'B1g' 'B3g' 'B2g' 'Ag' 'B3g' 'Ag' 'Ag' 'B2g' 'B3g' 'B1g' 'B2g' 'B1g'
 'B2g' 'B3g' 'B1g' 'Ag' 'Ag' 'Ag' 'B3g' 'B2g' 'B3g' 'Ag' 'Ag' 'B2g' 'B1g'
 'B1u' 'B3u' 'B3u' 'B2u' 'B1u' 'B2u' 'Au' 'B2u' 'Au' 'B3u' 'B1u' 'B1g'
 'B2g' 'Ag' 'B3g' 'Ag' 'B1u' 'B2u' 'B3u' 'Au' 'B3u' 'B1u' 'B1u' 'B3u'
 'B2u' 'B2u' 'B2u' 'B3u' 'B3u' 'B3u' 'Au' 'B1u' 'B2u' 'B2u' 'B1u' 'B1u'
 'Au' 'B1u' 'B3u' 'B2u' 'Au' 'B3g' 'B1g' 'B2g' 'B2g' 'Ag' 'B3g' 'Ag' 'B1g'
 'B2g' 'Ag' 'Ag' 'B3g' 'B1g' 'Ag' 'Ag' 'B1g' 'Ag' 'B2g' 'Ag' 'B3g' 'B1g'
 'B3g' 'B2g' 'B2u' 'B1u' 'B2u' 'Au' 'Au' 'B3u' 'B3u' 'B1u' 'B3u' 'B1u'
 'B2u' 'B2g' 'B1g' 'B3g' 'Ag' 'Ag' 'B3g' 'B3g' 'B1g' 'B2g' 'B1g' 'Ag'
 'B2g' 'Ag' 'B1g' 'B3g' 'Ag' 'Ag' 'B2g' 'Ag' 'B1g' 'B3g' 'B2g' 'B1u' 'B2u'
 'B3u' 'B3u' 'B2u' 'B1u' 'B2u' 'B1u' 'Au' 'B3u' 'B1u' 'Au' 'Au' 'B2u'
 'B3u' 'B2u' 'B2u' 'B1u' 'B3u' 'B2u' 'B3u' 'B3u' 'B1u' 'B1u' 'Au' 'B3g'
 'Ag' 'Ag' 'B2g' 'Ag' 'B3g' 'B1g' 'B2g' 'B1g' 'B3g' 'B2g' 'B1g' 'B3g'
 'B1g' 'B2g' 'Ag' 'Ag' 'Ag' 'B1g' 'B2g' 'B3g' 'Ag' 'Ag' 'B3g' 'Ag' 'Ag'
 'B2g' 'B1g' 'B2u' 'B1u' 'B3u' 'B3u' 'Au' 'Au' 'B2u' 'B1u' 'B1u' 'B3u'
 'B2u' 'B1u' 'B2u' 'B3u' 'B1u' 'B3u' 'B2u' 'B3u' 'B2u' 'B1u' 'Au' 'B1u'
 'B2u' 'B3u' 'Ag' 'B3g' 'B2g' 'Ag' 'Ag' 'B2g' 'B1g' 'B3g' 'B1g' 'Ag' 'Ag'
 'B1g' 'B2g' 'B3g' 'Ag' 'B2u' 'B1u' 'Au' 'B2u' 'B1u' 'B3u' 'B3u' 'B2u'
 'B1u' 'B1u' 'B3u' 'Au' 'B2u' 'B3u' 'B1u' 'B2u' 'B3u' 'Au' 'B1u' 'B2u'
 'B3u' 'Ag' 'B2g' 'B1g' 'B3g' 'Ag' 'B3g' 'B2g' 'Ag' 'B2g' 'B1g' 'B3g' 'Ag'
 'B1g' 'Ag' 'Ag' 'B2u' 'B1u' 'B3u' 'B1u' 'B2u' 'B3u' 'B3u' 'B1u' 'B2u'
 'Au' 'Ag' 'Ag' 'Ag' 'B2g' 'B2g' 'B1g' 'B1g' 'Ag' 'B3g' 'B3g' 'B3g' 'B2g'
 'B1g' 'B3u' 'B1u' 'B2u' 'B3u' 'B3u' 'B1u' 'B1u' 'Au' 'B2u' 'Au' 'B2u'
 'B2u' 'B3u' 'B1u' 'Ag' 'B3g' 'B2g' 'B1g' 'Ag' 'Au' 'B3u' 'B3u' 'B2u'
 'B1u' 'B2u' 'B1u' 'Ag' 'B2g' 'B1g' 'B3g' 'Ag' 'B2g' 'Ag' 'Ag' 'B3g' 'B1g'
 'B2u' 'B3u' 'B1u' 'Au' 'B3u' 'B2u' 'Au' 'B2u' 'B3u' 'B1u' 'B1u' 'B1u'
 'B2u' 'Au' 'B2u' 'B3u' 'B3u' 'B1u' 'Ag' 'B3g' 'Ag' 'B2g' 'B1g' 'B3u'
 'B2u' 'B1u' 'B3u' 'B3u' 'B3u' 'B1u' 'B1u' 'Au' 'B2u' 'B2u' 'B1u' 'Au'
 'B2u' 'B1g' 'Ag' 'Ag' 'B2g' 'B1g' 'B2g' 'B2g' 'B3g' 'Ag' 'B1g' 'Ag' 'B3g'
 'B3g' 'B2u' 'B1u' 'B2u' 'B3u' 'B3u' 'Au' 'B1u' 'Ag' 'B3u' 'B2u' 'B1u'
 'B3g' 'B2g' 'Ag' 'B2g' 'B3g' 'Ag' 'Ag' 'B1g' 'B1g' 'Ag' 'Ag' 'B3g' 'B1g'
 'B2g' 'B2u' 'B3u' 'B1u' 'B2u' 'B2u' 'B1u' 'B3u' 'B3u' 'Au' 'B1u' 'B1u'
 'B3u' 'B2u' 'Ag' 'Ag' 'Ag' 'B3g' 'B2g' 'B1g' 'B2u' 'B3u' 'B1u' 'Ag' 'B3u'
 'B2u' 'B1u' 'B2u' 'B1u' 'B3u' 'Ag' 'Ag' 'Ag' 'Ag' 'Ag' 'Ag']
