#INFO: **** input file is /lustre09/project/6004934/jaafar1/PySCF-MRCC/Oxygen/NewChapter-Neutral/AE/aCV8Z-FELLER-U/X2C/UHF/input.py ****
import pyscf
from pyscf import cc, lib, tools, scf, symm, ao2mo
from pyscf.gto.basis import parse_gaussian
from pyscf.cc.mrcc import MRCCInterface
from pyscf.scf import atom_hf, hf

name = 'out'
mol = pyscf.M(
    atom = '''
        O
    ''',
    unit = 'angstrom',
    basis = {
            'O' : parse_gaussian.load('O-aCV8Z-FELLER-U.gbs', 'O')
    },
    charge = 0,
    spin = 2,
    symmetry = True,
    verbose = 9,
    symmetry_subgroup = 'D2h',
    output = name +'.txt',
    max_memory = 2500000,
)

mf = mol.UHF().set(
    conv_tol=1e-11,
    max_cycle=9999,
    ddm_tol=1e-10,
    direct_scf=False,
    chkfile='/home/jaafar1/links/projects/rrg-tzeng/jaafar1/PySCF-MRCC/Oxygen/NewChapter-Neutral/AE/aCV8Z-FELLER-U/X2C/UHF/chkfiles/out.chk',
    init_guess='chk',
    irrep_nelec={'Ag': 4, 'B3u': 2, 'B2u': 1, 'B1u': 1}
).sfx2c1e()

mf.kernel()

#pyscf.tools.fcidump.from_chkfile_uhf('fort.55',name+'.chk',tol=1e-18, float_format='% 0.20E',molpro_orbsym=False,orbsym=None)
pyscf.tools.fcidump.from_scf_uhf(mf,'fort.55',tol=1e-18, float_format='% 0.20E',molpro_orbsym=False)
#INFO: ******************** input file end ********************


System: uname_result(system='Linux', node='rl21705', release='5.14.0-611.13.1.el9_7.x86_64', version='#1 SMP PREEMPT_DYNAMIC Thu Dec 11 04:57:59 EST 2025', machine='x86_64')  Threads 4
Python 3.13.2 (main, Feb  5 2025, 15:06:39) [GCC 13.3.0]
numpy 2.2.2  scipy 1.15.1  h5py 3.13.0
Date: Tue Jan  6 06:08:38 2026
PySCF version 2.10.0
PySCF path  /home/jaafar1/links/projects/rrg-tzeng/jaafar1/VENV/MRCCInterface/lib/python3.13/site-packages/pyscf

[CONFIG] ARGPARSE = False
[CONFIG] DEBUG = False
[CONFIG] MAX_MEMORY = 4000
[CONFIG] TMPDIR = /tmp
[CONFIG] UNIT = angstrom
[CONFIG] VERBOSE = 3
[CONFIG] conf_file = None
[INPUT] verbose = 9
[INPUT] max_memory = 2500000 
[INPUT] num. atoms = 1
[INPUT] num. electrons = 8
[INPUT] charge = 0
[INPUT] spin (= nelec alpha-beta = 2S) = 2
[INPUT] symmetry True subgroup D2h
[INPUT] Mole.unit = angstrom
[INPUT] Symbol           X                Y                Z      unit          X                Y                Z       unit  Magmom
[INPUT]  1 O      0.000000000000   0.000000000000   0.000000000000 AA    0.000000000000   0.000000000000   0.000000000000 Bohr   0.0
[INPUT] ---------------- BASIS SET ---------------- 
[INPUT] l, kappa, [nprim/nctr], expnt,             c_1 c_2 ...
[INPUT] O
[INPUT] 0    0    [1    /1   ]  4968020              1
[INPUT] 0    0    [1    /1   ]  767184               1
[INPUT] 0    0    [1    /1   ]  179922               1
[INPUT] 0    0    [1    /1   ]  52168.4              1
[INPUT] 0    0    [1    /1   ]  17293.4              1
[INPUT] 0    0    [1    /1   ]  6310.47              1
[INPUT] 0    0    [1    /1   ]  2481.42              1
[INPUT] 0    0    [1    /1   ]  1036.75              1
[INPUT] 0    0    [1    /1   ]  454.07               1
[INPUT] 0    0    [1    /1   ]  205.802              1
[INPUT] 0    0    [1    /1   ]  95.7597              1
[INPUT] 0    0    [1    /1   ]  45.6038              1
[INPUT] 0    0    [1    /1   ]  22.1827              1
[INPUT] 0    0    [1    /1   ]  11.0045              1
[INPUT] 0    0    [1    /1   ]  5.53001              1
[INPUT] 0    0    [1    /1   ]  2.74694              1
[INPUT] 0    0    [1    /1   ]  1.32605              1
[INPUT] 0    0    [1    /1   ]  0.626784             1
[INPUT] 0    0    [1    /1   ]  0.293908             1
[INPUT] 0    0    [1    /1   ]  0.134983             1
[INPUT] 0    0    [1    /1   ]  0.05348              1
[INPUT] 1    0    [1    /1   ]  4020.41              1
[INPUT] 1    0    [1    /1   ]  930.561              1
[INPUT] 1    0    [1    /1   ]  715.722              1
[INPUT] 1    0    [1    /1   ]  398.686              1
[INPUT] 1    0    [1    /1   ]  295.517              1
[INPUT] 1    0    [1    /1   ]  222.084              1
[INPUT] 1    0    [1    /1   ]  123.71               1
[INPUT] 1    0    [1    /1   ]  113.498              1
[INPUT] 1    0    [1    /1   ]  68.911               1
[INPUT] 1    0    [1    /1   ]  48.5521              1
[INPUT] 1    0    [1    /1   ]  38.386               1
[INPUT] 1    0    [1    /1   ]  22.1428              1
[INPUT] 1    0    [1    /1   ]  21.383               1
[INPUT] 1    0    [1    /1   ]  10.5381              1
[INPUT] 1    0    [1    /1   ]  5.19284              1
[INPUT] 1    0    [1    /1   ]  2.61534              1
[INPUT] 1    0    [1    /1   ]  1.32159              1
[INPUT] 1    0    [1    /1   ]  0.661978             1
[INPUT] 1    0    [1    /1   ]  0.327398             1
[INPUT] 1    0    [1    /1   ]  0.159348             1
[INPUT] 1    0    [1    /1   ]  0.074582             1
[INPUT] 1    0    [1    /1   ]  0.03191              1
[INPUT] 2    0    [1    /1   ]  546.298              1
[INPUT] 2    0    [1    /1   ]  299.429              1
[INPUT] 2    0    [1    /1   ]  164.119              1
[INPUT] 2    0    [1    /1   ]  89.954               1
[INPUT] 2    0    [1    /1   ]  49.305               1
[INPUT] 2    0    [1    /1   ]  27.024               1
[INPUT] 2    0    [1    /1   ]  12.9767              1
[INPUT] 2    0    [1    /1   ]  6.65877              1
[INPUT] 2    0    [1    /1   ]  3.41684              1
[INPUT] 2    0    [1    /1   ]  1.7533               1
[INPUT] 2    0    [1    /1   ]  0.89968              1
[INPUT] 2    0    [1    /1   ]  0.46165              1
[INPUT] 2    0    [1    /1   ]  0.2369               1
[INPUT] 2    0    [1    /1   ]  0.09777              1
[INPUT] 3    0    [1    /1   ]  406.828              1
[INPUT] 3    0    [1    /1   ]  211                  1
[INPUT] 3    0    [1    /1   ]  109.434              1
[INPUT] 3    0    [1    /1   ]  56.758               1
[INPUT] 3    0    [1    /1   ]  29.437               1
[INPUT] 3    0    [1    /1   ]  12.7941              1
[INPUT] 3    0    [1    /1   ]  6.48093              1
[INPUT] 3    0    [1    /1   ]  3.28295              1
[INPUT] 3    0    [1    /1   ]  1.66299              1
[INPUT] 3    0    [1    /1   ]  0.8424               1
[INPUT] 3    0    [1    /1   ]  0.42672              1
[INPUT] 3    0    [1    /1   ]  0.18007              1
[INPUT] 4    0    [1    /1   ]  245.619              1
[INPUT] 4    0    [1    /1   ]  109.132              1
[INPUT] 4    0    [1    /1   ]  48.489               1
[INPUT] 4    0    [1    /1   ]  21.544               1
[INPUT] 4    0    [1    /1   ]  7.22853              1
[INPUT] 4    0    [1    /1   ]  3.91156              1
[INPUT] 4    0    [1    /1   ]  2.11666              1
[INPUT] 4    0    [1    /1   ]  1.14538              1
[INPUT] 4    0    [1    /1   ]  0.6198               1
[INPUT] 4    0    [1    /1   ]  0.27223              1
[INPUT] 5    0    [1    /1   ]  172.241              1
[INPUT] 5    0    [1    /1   ]  68.182               1
[INPUT] 5    0    [1    /1   ]  26.99                1
[INPUT] 5    0    [1    /1   ]  7.81133              1
[INPUT] 5    0    [1    /1   ]  4.05272              1
[INPUT] 5    0    [1    /1   ]  2.10265              1
[INPUT] 5    0    [1    /1   ]  1.09091              1
[INPUT] 5    0    [1    /1   ]  0.52508              1
[INPUT] 6    0    [1    /1   ]  157.813              1
[INPUT] 6    0    [1    /1   ]  60.942               1
[INPUT] 6    0    [1    /1   ]  6.10477              1
[INPUT] 6    0    [1    /1   ]  2.95271              1
[INPUT] 6    0    [1    /1   ]  1.42815              1
[INPUT] 6    0    [1    /1   ]  0.74042              1
[INPUT] 7    0    [1    /1   ]  107.188              1
[INPUT] 7    0    [1    /1   ]  4.75927              1
[INPUT] 7    0    [1    /1   ]  2.18588              1
[INPUT] 7    0    [1    /1   ]  1.0942               1
[INPUT] 8    0    [1    /1   ]  3.22427              1
[INPUT] 8    0    [1    /1   ]  1.614                1

nuclear repulsion = 0
point group symmetry = SO3, use subgroup D2h
symmetry origin: [0. 0. 0.]
symmetry axis x: [1. 0. 0.]
symmetry axis y: [0. 1. 0.]
symmetry axis z: [0. 0. 1.]
num. orbitals of irrep Ag = 113
num. orbitals of irrep B1g = 60
num. orbitals of irrep B2g = 60
num. orbitals of irrep B3g = 60
num. orbitals of irrep Au = 40
num. orbitals of irrep B1u = 86
num. orbitals of irrep B2u = 86
num. orbitals of irrep B3u = 86
number of shells = 99
number of NR pGTOs = 591
number of NR cGTOs = 591
basis = {'O': [[0, [4968020.0, 1.0]], [0, [767184.0, 1.0]], [0, [179922.0, 1.0]], [0, [52168.4, 1.0]], [0, [17293.4, 1.0]], [0, [6310.47, 1.0]], [0, [2481.42, 1.0]], [0, [1036.75, 1.0]], [0, [454.07, 1.0]], [0, [205.802, 1.0]], [0, [95.7597, 1.0]], [0, [45.6038, 1.0]], [0, [22.1827, 1.0]], [0, [11.0045, 1.0]], [0, [5.53001, 1.0]], [0, [2.74694, 1.0]], [0, [1.32605, 1.0]], [0, [0.626784, 1.0]], [0, [0.293908, 1.0]], [0, [0.134983, 1.0]], [0, [0.05348, 1.0]], [1, [4020.41, 1.0]], [1, [930.561, 1.0]], [1, [715.722, 1.0]], [1, [398.686, 1.0]], [1, [295.517, 1.0]], [1, [222.084, 1.0]], [1, [123.71, 1.0]], [1, [113.498, 1.0]], [1, [68.911, 1.0]], [1, [48.5521, 1.0]], [1, [38.386, 1.0]], [1, [22.1428, 1.0]], [1, [21.383, 1.0]], [1, [10.5381, 1.0]], [1, [5.19284, 1.0]], [1, [2.61534, 1.0]], [1, [1.32159, 1.0]], [1, [0.661978, 1.0]], [1, [0.327398, 1.0]], [1, [0.159348, 1.0]], [1, [0.074582, 1.0]], [1, [0.03191, 1.0]], [2, [546.298, 1.0]], [2, [299.429, 1.0]], [2, [164.119, 1.0]], [2, [89.954, 1.0]], [2, [49.305, 1.0]], [2, [27.024, 1.0]], [2, [12.9767, 1.0]], [2, [6.65877, 1.0]], [2, [3.41684, 1.0]], [2, [1.7533, 1.0]], [2, [0.89968, 1.0]], [2, [0.46165, 1.0]], [2, [0.2369, 1.0]], [2, [0.09777, 1.0]], [3, [406.828, 1.0]], [3, [211.0, 1.0]], [3, [109.434, 1.0]], [3, [56.758, 1.0]], [3, [29.437, 1.0]], [3, [12.7941, 1.0]], [3, [6.48093, 1.0]], [3, [3.28295, 1.0]], [3, [1.66299, 1.0]], [3, [0.8424, 1.0]], [3, [0.42672, 1.0]], [3, [0.18007, 1.0]], [4, [245.619, 1.0]], [4, [109.132, 1.0]], [4, [48.489, 1.0]], [4, [21.544, 1.0]], [4, [7.22853, 1.0]], [4, [3.91156, 1.0]], [4, [2.11666, 1.0]], [4, [1.14538, 1.0]], [4, [0.6198, 1.0]], [4, [0.27223, 1.0]], [5, [172.241, 1.0]], [5, [68.182, 1.0]], [5, [26.99, 1.0]], [5, [7.81133, 1.0]], [5, [4.05272, 1.0]], [5, [2.10265, 1.0]], [5, [1.09091, 1.0]], [5, [0.52508, 1.0]], [6, [157.813, 1.0]], [6, [60.942, 1.0]], [6, [6.10477, 1.0]], [6, [2.95271, 1.0]], [6, [1.42815, 1.0]], [6, [0.74042, 1.0]], [7, [107.188, 1.0]], [7, [4.75927, 1.0]], [7, [2.18588, 1.0]], [7, [1.0942, 1.0]], [8, [3.22427, 1.0]], [8, [1.614, 1.0]]]}
ecp = {}
bas 0, expnt(s) = [4968020.]
bas 1, expnt(s) = [767184.]
bas 2, expnt(s) = [179922.]
bas 3, expnt(s) = [52168.4]
bas 4, expnt(s) = [17293.4]
bas 5, expnt(s) = [6310.47]
bas 6, expnt(s) = [2481.42]
bas 7, expnt(s) = [1036.75]
bas 8, expnt(s) = [454.07]
bas 9, expnt(s) = [205.802]
bas 10, expnt(s) = [95.7597]
bas 11, expnt(s) = [45.6038]
bas 12, expnt(s) = [22.1827]
bas 13, expnt(s) = [11.0045]
bas 14, expnt(s) = [5.53001]
bas 15, expnt(s) = [2.74694]
bas 16, expnt(s) = [1.32605]
bas 17, expnt(s) = [0.626784]
bas 18, expnt(s) = [0.293908]
bas 19, expnt(s) = [0.134983]
bas 20, expnt(s) = [0.05348]
bas 21, expnt(s) = [4020.41]
bas 22, expnt(s) = [930.561]
bas 23, expnt(s) = [715.722]
bas 24, expnt(s) = [398.686]
bas 25, expnt(s) = [295.517]
bas 26, expnt(s) = [222.084]
bas 27, expnt(s) = [123.71]
bas 28, expnt(s) = [113.498]
bas 29, expnt(s) = [68.911]
bas 30, expnt(s) = [48.5521]
bas 31, expnt(s) = [38.386]
bas 32, expnt(s) = [22.1428]
bas 33, expnt(s) = [21.383]
bas 34, expnt(s) = [10.5381]
bas 35, expnt(s) = [5.19284]
bas 36, expnt(s) = [2.61534]
bas 37, expnt(s) = [1.32159]
bas 38, expnt(s) = [0.661978]
bas 39, expnt(s) = [0.327398]
bas 40, expnt(s) = [0.159348]
bas 41, expnt(s) = [0.074582]
bas 42, expnt(s) = [0.03191]
bas 43, expnt(s) = [546.298]
bas 44, expnt(s) = [299.429]
bas 45, expnt(s) = [164.119]
bas 46, expnt(s) = [89.954]
bas 47, expnt(s) = [49.305]
bas 48, expnt(s) = [27.024]
bas 49, expnt(s) = [12.9767]
bas 50, expnt(s) = [6.65877]
bas 51, expnt(s) = [3.41684]
bas 52, expnt(s) = [1.7533]
bas 53, expnt(s) = [0.89968]
bas 54, expnt(s) = [0.46165]
bas 55, expnt(s) = [0.2369]
bas 56, expnt(s) = [0.09777]
bas 57, expnt(s) = [406.828]
bas 58, expnt(s) = [211.]
bas 59, expnt(s) = [109.434]
bas 60, expnt(s) = [56.758]
bas 61, expnt(s) = [29.437]
bas 62, expnt(s) = [12.7941]
bas 63, expnt(s) = [6.48093]
bas 64, expnt(s) = [3.28295]
bas 65, expnt(s) = [1.66299]
bas 66, expnt(s) = [0.8424]
bas 67, expnt(s) = [0.42672]
bas 68, expnt(s) = [0.18007]
bas 69, expnt(s) = [245.619]
bas 70, expnt(s) = [109.132]
bas 71, expnt(s) = [48.489]
bas 72, expnt(s) = [21.544]
bas 73, expnt(s) = [7.22853]
bas 74, expnt(s) = [3.91156]
bas 75, expnt(s) = [2.11666]
bas 76, expnt(s) = [1.14538]
bas 77, expnt(s) = [0.6198]
bas 78, expnt(s) = [0.27223]
bas 79, expnt(s) = [172.241]
bas 80, expnt(s) = [68.182]
bas 81, expnt(s) = [26.99]
bas 82, expnt(s) = [7.81133]
bas 83, expnt(s) = [4.05272]
bas 84, expnt(s) = [2.10265]
bas 85, expnt(s) = [1.09091]
bas 86, expnt(s) = [0.52508]
bas 87, expnt(s) = [157.813]
bas 88, expnt(s) = [60.942]
bas 89, expnt(s) = [6.10477]
bas 90, expnt(s) = [2.95271]
bas 91, expnt(s) = [1.42815]
bas 92, expnt(s) = [0.74042]
bas 93, expnt(s) = [107.188]
bas 94, expnt(s) = [4.75927]
bas 95, expnt(s) = [2.18588]
bas 96, expnt(s) = [1.0942]
bas 97, expnt(s) = [3.22427]
bas 98, expnt(s) = [1.614]
CPU time:         1.58
arg.atm = [[ 8 20  1 23  0  0]]
arg.bas = [[  0   0   1   1   0  24  25   0]
 [  0   0   1   1   0  26  27   0]
 [  0   0   1   1   0  28  29   0]
 [  0   0   1   1   0  30  31   0]
 [  0   0   1   1   0  32  33   0]
 [  0   0   1   1   0  34  35   0]
 [  0   0   1   1   0  36  37   0]
 [  0   0   1   1   0  38  39   0]
 [  0   0   1   1   0  40  41   0]
 [  0   0   1   1   0  42  43   0]
 [  0   0   1   1   0  44  45   0]
 [  0   0   1   1   0  46  47   0]
 [  0   0   1   1   0  48  49   0]
 [  0   0   1   1   0  50  51   0]
 [  0   0   1   1   0  52  53   0]
 [  0   0   1   1   0  54  55   0]
 [  0   0   1   1   0  56  57   0]
 [  0   0   1   1   0  58  59   0]
 [  0   0   1   1   0  60  61   0]
 [  0   0   1   1   0  62  63   0]
 [  0   0   1   1   0  64  65   0]
 [  0   1   1   1   0  66  67   0]
 [  0   1   1   1   0  68  69   0]
 [  0   1   1   1   0  70  71   0]
 [  0   1   1   1   0  72  73   0]
 [  0   1   1   1   0  74  75   0]
 [  0   1   1   1   0  76  77   0]
 [  0   1   1   1   0  78  79   0]
 [  0   1   1   1   0  80  81   0]
 [  0   1   1   1   0  82  83   0]
 [  0   1   1   1   0  84  85   0]
 [  0   1   1   1   0  86  87   0]
 [  0   1   1   1   0  88  89   0]
 [  0   1   1   1   0  90  91   0]
 [  0   1   1   1   0  92  93   0]
 [  0   1   1   1   0  94  95   0]
 [  0   1   1   1   0  96  97   0]
 [  0   1   1   1   0  98  99   0]
 [  0   1   1   1   0 100 101   0]
 [  0   1   1   1   0 102 103   0]
 [  0   1   1   1   0 104 105   0]
 [  0   1   1   1   0 106 107   0]
 [  0   1   1   1   0 108 109   0]
 [  0   2   1   1   0 110 111   0]
 [  0   2   1   1   0 112 113   0]
 [  0   2   1   1   0 114 115   0]
 [  0   2   1   1   0 116 117   0]
 [  0   2   1   1   0 118 119   0]
 [  0   2   1   1   0 120 121   0]
 [  0   2   1   1   0 122 123   0]
 [  0   2   1   1   0 124 125   0]
 [  0   2   1   1   0 126 127   0]
 [  0   2   1   1   0 128 129   0]
 [  0   2   1   1   0 130 131   0]
 [  0   2   1   1   0 132 133   0]
 [  0   2   1   1   0 134 135   0]
 [  0   2   1   1   0 136 137   0]
 [  0   3   1   1   0 138 139   0]
 [  0   3   1   1   0 140 141   0]
 [  0   3   1   1   0 142 143   0]
 [  0   3   1   1   0 144 145   0]
 [  0   3   1   1   0 146 147   0]
 [  0   3   1   1   0 148 149   0]
 [  0   3   1   1   0 150 151   0]
 [  0   3   1   1   0 152 153   0]
 [  0   3   1   1   0 154 155   0]
 [  0   3   1   1   0 156 157   0]
 [  0   3   1   1   0 158 159   0]
 [  0   3   1   1   0 160 161   0]
 [  0   4   1   1   0 162 163   0]
 [  0   4   1   1   0 164 165   0]
 [  0   4   1   1   0 166 167   0]
 [  0   4   1   1   0 168 169   0]
 [  0   4   1   1   0 170 171   0]
 [  0   4   1   1   0 172 173   0]
 [  0   4   1   1   0 174 175   0]
 [  0   4   1   1   0 176 177   0]
 [  0   4   1   1   0 178 179   0]
 [  0   4   1   1   0 180 181   0]
 [  0   5   1   1   0 182 183   0]
 [  0   5   1   1   0 184 185   0]
 [  0   5   1   1   0 186 187   0]
 [  0   5   1   1   0 188 189   0]
 [  0   5   1   1   0 190 191   0]
 [  0   5   1   1   0 192 193   0]
 [  0   5   1   1   0 194 195   0]
 [  0   5   1   1   0 196 197   0]
 [  0   6   1   1   0 198 199   0]
 [  0   6   1   1   0 200 201   0]
 [  0   6   1   1   0 202 203   0]
 [  0   6   1   1   0 204 205   0]
 [  0   6   1   1   0 206 207   0]
 [  0   6   1   1   0 208 209   0]
 [  0   7   1   1   0 210 211   0]
 [  0   7   1   1   0 212 213   0]
 [  0   7   1   1   0 214 215   0]
 [  0   7   1   1   0 216 217   0]
 [  0   8   1   1   0 218 219   0]
 [  0   8   1   1   0 220 221   0]]
arg.env = [0.00000000e+00 0.00000000e+00 0.00000000e+00 0.00000000e+00
 0.00000000e+00 0.00000000e+00 0.00000000e+00 0.00000000e+00
 0.00000000e+00 0.00000000e+00 0.00000000e+00 0.00000000e+00
 0.00000000e+00 0.00000000e+00 0.00000000e+00 0.00000000e+00
 0.00000000e+00 0.00000000e+00 0.00000000e+00 0.00000000e+00
 0.00000000e+00 0.00000000e+00 0.00000000e+00 0.00000000e+00
 4.96802000e+06 2.65859710e+05 7.67184000e+05 6.54922147e+04
 1.79922000e+05 2.20713159e+04 5.21684000e+04 8.72108787e+03
 1.72934000e+04 3.81000297e+03 6.31047000e+03 1.78879801e+03
 2.48142000e+03 8.88260261e+02 1.03675000e+03 4.61605056e+02
 4.54070000e+02 2.48517589e+02 2.05802000e+02 1.37278403e+02
 9.57597000e+01 7.73396330e+01 4.56038000e+01 4.43369484e+01
 2.21827000e+01 2.58241377e+01 1.10045000e+01 1.52648577e+01
 5.53001000e+00 9.11086186e+00 2.74694000e+00 5.39078367e+00
 1.32605000e+00 3.12201474e+00 6.26784000e-01 1.77972725e+00
 2.93908000e-01 1.00849461e+00 1.34983000e-01 5.62631873e-01
 5.34800000e-02 2.80969108e-01 4.02041000e+03 9.33947197e+04
 9.30561000e+02 1.49939291e+04 7.15722000e+02 1.07997786e+04
 3.98686000e+02 5.19724421e+03 2.95517000e+02 3.57447677e+03
 2.22084000e+02 2.50109957e+03 1.23710000e+02 1.20362279e+03
 1.13498000e+02 1.08073609e+03 6.89110000e+01 5.79222045e+02
 4.85521000e+01 3.73890488e+02 3.83860000e+01 2.78740751e+02
 2.21428000e+01 1.40128045e+02 2.13830000e+01 1.34143671e+02
 1.05381000e+01 5.53907553e+01 5.19284000e+00 2.28686522e+01
 2.61534000e+00 9.70274433e+00 1.32159000e+00 4.13385579e+00
 6.61978000e-01 1.74196265e+00 3.27398000e-01 7.22485974e-01
 1.59348000e-01 2.93709277e-01 7.45820000e-02 1.13704309e-01
 3.19100000e-02 3.93453033e-02 5.46298000e+02 1.61076137e+05
 2.99429000e+02 5.62397836e+04 1.64119000e+02 1.96361976e+04
 8.99540000e+01 6.85591187e+03 4.93050000e+01 2.39380391e+03
 2.70240000e+01 8.35778591e+02 1.29767000e+01 2.31508451e+02
 6.65877000e+00 7.20226192e+01 3.41684000e+00 2.24064220e+01
 1.75330000e+00 6.97072249e+00 8.99680000e-01 2.16862022e+00
 4.61650000e-01 6.74647408e-01 2.36900000e-01 2.09902805e-01
 9.77700000e-02 4.46055822e-02 4.06828000e+02 1.46617139e+06
 2.11000000e+02 3.34692427e+05 1.09434000e+02 7.64016922e+04
 5.67580000e+01 1.74409967e+04 2.94370000e+01 3.98126279e+03
 1.27941000e+01 6.10635823e+02 6.48093000e+00 1.32188707e+02
 3.28295000e+00 2.86157390e+01 1.66299000e+00 6.19458257e+00
 8.42400000e-01 1.34099348e+00 4.26720000e-01 2.90290022e-01
 1.80070000e-01 4.16632776e-02 2.45619000e+02 4.92197598e+06
 1.09132000e+02 5.28795094e+05 4.84890000e+01 5.68117253e+04
 2.15440000e+01 6.10332559e+03 7.22853000e+00 3.02905088e+02
 3.91156000e+00 5.59605008e+01 2.11666000e+00 1.03385501e+01
 1.14538000e+00 1.90998735e+00 6.19800000e-01 3.52866903e-01
 2.72230000e-01 3.67276428e-02 1.72241000e+02 1.46790012e+07
 6.81820000e+01 7.22236444e+05 2.69900000e+01 3.55354755e+04
 7.81133000e+00 6.31842680e+02 4.05272000e+00 7.48909267e+01
 2.10265000e+00 8.87657578e+00 1.09091000e+00 1.05212358e+00
 5.25080000e-01 9.77204717e-02 1.57813000e+02 7.69744305e+07
 6.09420000e+01 2.17144439e+06 6.10477000e+00 3.88661009e+02
 2.95271000e+00 2.55058062e+01 1.42815000e+00 1.67383605e+00
 7.40420000e-01 1.42512876e-01 1.07188000e+02 9.64754146e+07
 4.75927000e+00 1.72124187e+02 2.18588000e+00 6.30532224e+00
 1.09420000e+00 3.33009376e-01 3.22427000e+00 2.86516830e+01
 1.61400000e+00 1.07063823e+00]
ecpbas  = []


******** <class 'pyscf.x2c.sfx2c1e.sfX2C1eSymAdaptedUHF'> ********
method = sfX2C1eSymAdaptedUHF
initial guess = chk
damping factor = 0
level_shift factor = 0
DIIS = <class 'pyscf.scf.diis.CDIIS'>
diis_start_cycle = 1
diis_space = 8
diis_damp = 0
SCF conv_tol = 1e-11
SCF conv_tol_grad = None
SCF ddm_tol = 1e-10
SCF max_cycles = 9999
direct_scf = False
chkfile to save SCF result = /home/jaafar1/links/projects/rrg-tzeng/jaafar1/PySCF-MRCC/Oxygen/NewChapter-Neutral/AE/aCV8Z-FELLER-U/X2C/UHF/chkfiles/out.chk
max_memory 2500000 MB (current use 129 MB)
number electrons alpha = 5  beta = 3
irrep_nelec {'Ag': 4, 'B3u': 2, 'B2u': 1, 'B1u': 1}


******** <class 'pyscf.x2c.sfx2c1e.SpinFreeX2CHelper'> ********
approx = 1e
xuncontract = 1
Freeze 8 electrons in irreps ['Ag', 'B3u', 'B2u', 'B1u']
    0 free electrons in irreps B1g B2g B3g Au
cond(S) = 885765211.6515791

WARN: Singularity detected in overlap matrix (condition number = 8.86e+08). SCF may be inaccurate and hard to converge.

Set gradient conv threshold to 3.16228e-06
Nelec from initial guess = (np.float64(5.000000000000001), np.float64(2.999999999999999))
E1 = -103.32454448757686  Ecoul = 28.45318438031795
init E= -74.8713601072589
    CPU time for initialize scf   1566.33 sec, wall time    407.08 sec
alpha HOMO (B3u) = -0.611275398669709  LUMO (B2u) = 0.0666136043061984
alpha irrep_nelec = [2, 0, 0, 0, 0, 1, 1, 1]
beta  irrep_nelec = [2, 0, 0, 0, 0, 0, 0, 1]
alpha-Ag nocc = 2  HOMO = -1.42026556185771  LUMO = 0.0872054643520121
   mo_energy = [-2.07223379e+01 -1.42026556e+00  8.72054644e-02  2.82937389e-01
  2.90329920e-01  4.60463346e-01  8.21008010e-01  8.45110776e-01
  1.33021997e+00  1.34213992e+00  1.34621945e+00  1.51824356e+00
  1.84176110e+00  1.88759901e+00  3.41533273e+00  3.44375046e+00
  3.45340797e+00  3.82675277e+00  3.88856439e+00  4.19673836e+00
  5.01329797e+00  5.03324732e+00  5.04537721e+00  5.04944817e+00
  7.15312341e+00  7.19974764e+00  7.21545217e+00  7.70723943e+00
  7.78056872e+00  1.06429148e+01  1.14299563e+01  1.14661425e+01
  1.14880624e+01  1.14954045e+01  1.39038290e+01  1.39656299e+01
  1.39863339e+01  1.44406465e+01  1.44675328e+01  1.44869252e+01
  1.44986374e+01  1.45025544e+01  1.53449967e+01  1.54242540e+01
  2.41293419e+01  2.41804754e+01  2.42113712e+01  2.42217063e+01
  2.56396171e+01  2.65080445e+01  2.65782635e+01  2.66017582e+01
  3.05506893e+01  3.06284393e+01  3.29237483e+01  3.29645300e+01
  3.29938716e+01  3.30115622e+01  3.30174734e+01  5.14731144e+01
  5.15405053e+01  5.15629287e+01  5.16598335e+01  5.17169263e+01
  5.17518265e+01  5.17636069e+01  5.94329306e+01  6.10428975e+01
  6.11119818e+01  1.20786572e+02  1.20838186e+02  1.20855371e+02
  1.22550274e+02  1.22604019e+02  1.34085656e+02  2.42088644e+02
  2.42128224e+02  2.87360565e+02  2.87393754e+02  2.87404832e+02
  2.97935455e+02  4.21045307e+02  4.21070504e+02  4.21085633e+02
  4.21090678e+02  4.66296268e+02  4.66323699e+02  6.57691324e+02
  6.67368036e+02  6.67386831e+02  6.67393100e+02  8.82011834e+02
  8.82029600e+02  1.19474227e+03  1.19475430e+03  1.19476152e+03
  1.19476393e+03  1.44748662e+03  1.56275193e+03  1.56276095e+03
  1.56276395e+03  1.66272822e+03  1.66273875e+03  3.16790200e+03
  3.19220825e+03  3.19221352e+03  6.83103720e+03  1.43278973e+04
  2.90485464e+04  5.75133096e+04  1.14332832e+05  2.39206961e+05
  5.81055991e+05]
alpha-B1g nocc = 0
   mo_energy = [2.88427370e-01 8.38747810e-01 1.33712057e+00 1.34519380e+00
 1.87542911e+00 3.43181995e+00 3.45098331e+00 3.87269311e+00
 5.02422963e+00 5.04030809e+00 5.04842911e+00 7.18025281e+00
 7.21151553e+00 7.76165137e+00 1.14498058e+01 1.14789098e+01
 1.14935673e+01 1.39398316e+01 1.39811517e+01 1.44550122e+01
 1.44781790e+01 1.44937502e+01 1.45015746e+01 1.54038869e+01
 2.41574101e+01 2.41984781e+01 2.42191208e+01 2.65489590e+01
 2.65958801e+01 3.06084921e+01 3.29455529e+01 3.29806459e+01
 3.30041832e+01 3.30159949e+01 5.15124409e+01 5.15573259e+01
 5.16910951e+01 5.17372115e+01 5.17606538e+01 6.10937399e+01
 1.20816691e+02 1.20851076e+02 1.22590613e+02 2.42118315e+02
 2.87379918e+02 2.87402062e+02 4.21059163e+02 4.21079328e+02
 4.21089417e+02 4.66316831e+02 6.67378997e+02 6.67391532e+02
 8.82025154e+02 1.19474889e+03 1.19475851e+03 1.19476333e+03
 1.56275719e+03 1.56276320e+03 1.66273612e+03 3.19221220e+03]
alpha-B2g nocc = 0
   mo_energy = [2.88427370e-01 8.38747810e-01 1.33712057e+00 1.34519380e+00
 1.87542911e+00 3.43181995e+00 3.45098331e+00 3.87269311e+00
 5.02422963e+00 5.04030809e+00 5.04842911e+00 7.18025281e+00
 7.21151553e+00 7.76165137e+00 1.14498058e+01 1.14789098e+01
 1.14935673e+01 1.39398316e+01 1.39811517e+01 1.44550122e+01
 1.44781790e+01 1.44937502e+01 1.45015746e+01 1.54038869e+01
 2.41574101e+01 2.41984781e+01 2.42191208e+01 2.65489590e+01
 2.65958801e+01 3.06084921e+01 3.29455529e+01 3.29806459e+01
 3.30041832e+01 3.30159949e+01 5.15124409e+01 5.15573259e+01
 5.16910951e+01 5.17372115e+01 5.17606538e+01 6.10937399e+01
 1.20816691e+02 1.20851076e+02 1.22590613e+02 2.42118315e+02
 2.87379918e+02 2.87402062e+02 4.21059163e+02 4.21079328e+02
 4.21089417e+02 4.66316831e+02 6.67378997e+02 6.67391532e+02
 8.82025154e+02 1.19474889e+03 1.19475851e+03 1.19476333e+03
 1.56275719e+03 1.56276320e+03 1.66273612e+03 3.19221220e+03]
alpha-B3g nocc = 0
   mo_energy = [2.82937389e-01 8.21008010e-01 1.33021997e+00 1.34213992e+00
 1.84176110e+00 3.41533273e+00 3.44375046e+00 3.82675277e+00
 5.01329797e+00 5.03324732e+00 5.04537721e+00 7.15312341e+00
 7.19974764e+00 7.70723943e+00 1.14299563e+01 1.14661425e+01
 1.14880624e+01 1.39038290e+01 1.39656299e+01 1.44406465e+01
 1.44675328e+01 1.44869252e+01 1.44986374e+01 1.53449967e+01
 2.41293419e+01 2.41804754e+01 2.42113712e+01 2.65080445e+01
 2.65782635e+01 3.05506893e+01 3.29237483e+01 3.29645300e+01
 3.29938716e+01 3.30115622e+01 5.14731144e+01 5.15405053e+01
 5.16598335e+01 5.17169263e+01 5.17518265e+01 6.10428975e+01
 1.20786572e+02 1.20838186e+02 1.22550274e+02 2.42088644e+02
 2.87360565e+02 2.87393754e+02 4.21045307e+02 4.21070504e+02
 4.21085633e+02 4.66296268e+02 6.67368036e+02 6.67386831e+02
 8.82011834e+02 1.19474227e+03 1.19475430e+03 1.19476152e+03
 1.56275193e+03 1.56276095e+03 1.66272822e+03 3.19220825e+03]
alpha-Au nocc = 0
   mo_energy = [7.14076099e-01 1.97352588e+00 3.06118013e+00 3.07503960e+00
 4.35987709e+00 7.33712581e+00 7.36431418e+00 8.63002373e+00
 8.64979522e+00 8.66179866e+00 8.90834544e+00 1.51904445e+01
 1.52300243e+01 1.77917740e+01 1.96752475e+01 1.97081117e+01
 1.97279894e+01 3.02278571e+01 3.02749212e+01 3.55715306e+01
 4.38495321e+01 4.38917240e+01 4.39171668e+01 6.11627388e+01
 6.12088486e+01 7.20164513e+01 1.51087302e+02 1.69897128e+02
 1.69929406e+02 3.12774149e+02 4.52622312e+02 4.52640687e+02
 6.30241527e+02 8.63435842e+02 8.63449096e+02 8.63457051e+02
 1.18137376e+03 1.18138244e+03 1.25503068e+03 2.54087624e+03]
alpha-B1u nocc = 1  HOMO = -0.710714277500875  LUMO = 0.0666136043063599
   mo_energy = [-7.10714278e-01  6.66136043e-02  2.53546435e-01  7.02869694e-01
  7.07492605e-01  7.19376595e-01  1.70567723e+00  1.95569672e+00
  1.98487182e+00  3.05094318e+00  3.06923454e+00  3.07854420e+00
  3.82180480e+00  4.32831713e+00  4.37977060e+00  7.31695201e+00
  7.35294430e+00  7.37116527e+00  8.17067104e+00  8.61732254e+00
  8.64086256e+00  8.65678407e+00  8.66481659e+00  8.86558264e+00
  8.93522161e+00  1.51610027e+01  1.52134868e+01  1.52399790e+01
  1.69131520e+01  1.77431408e+01  1.78222521e+01  1.96540603e+01
  1.96932821e+01  1.97196923e+01  1.97329778e+01  3.01927556e+01
  3.02552744e+01  3.02867348e+01  3.37938195e+01  3.55233886e+01
  3.56010879e+01  4.38222488e+01  4.38727049e+01  4.39065540e+01
  4.39235426e+01  6.11282924e+01  6.11896109e+01  6.12204086e+01
  6.40219771e+01  7.19749726e+01  7.20414885e+01  1.13507742e+02
  1.51056258e+02  1.51105963e+02  1.69872958e+02  1.69915950e+02
  1.69937484e+02  1.89054179e+02  2.99776290e+02  3.12752789e+02
  3.12786993e+02  4.52608541e+02  4.52633029e+02  4.52645283e+02
  4.58913809e+02  6.30227829e+02  6.30249753e+02  6.86173960e+02
  8.63427230e+02  8.63443131e+02  8.63453736e+02  8.63459040e+02
  1.01070109e+03  1.18136724e+03  1.18137882e+03  1.18138461e+03
  1.25502264e+03  1.25503550e+03  1.47606184e+03  2.14910979e+03
  2.54087223e+03  2.54087864e+03  3.13202305e+03  4.61650567e+03
  6.97215527e+03  1.27597910e+04]
alpha-B2u nocc = 1  HOMO = -0.710714277506207  LUMO = 0.0666136043061984
   mo_energy = [-7.10714278e-01  6.66136043e-02  2.53546435e-01  7.02869694e-01
  7.07492605e-01  7.19376595e-01  1.70567723e+00  1.95569672e+00
  1.98487182e+00  3.05094318e+00  3.06923454e+00  3.07854420e+00
  3.82180480e+00  4.32831713e+00  4.37977060e+00  7.31695201e+00
  7.35294430e+00  7.37116527e+00  8.17067104e+00  8.61732254e+00
  8.64086256e+00  8.65678407e+00  8.66481659e+00  8.86558264e+00
  8.93522161e+00  1.51610027e+01  1.52134868e+01  1.52399790e+01
  1.69131520e+01  1.77431408e+01  1.78222521e+01  1.96540603e+01
  1.96932821e+01  1.97196923e+01  1.97329778e+01  3.01927556e+01
  3.02552744e+01  3.02867348e+01  3.37938195e+01  3.55233886e+01
  3.56010879e+01  4.38222488e+01  4.38727049e+01  4.39065540e+01
  4.39235426e+01  6.11282924e+01  6.11896109e+01  6.12204086e+01
  6.40219774e+01  7.19749726e+01  7.20414885e+01  1.13507743e+02
  1.51056258e+02  1.51105963e+02  1.69872958e+02  1.69915950e+02
  1.69937484e+02  1.89054180e+02  2.99776291e+02  3.12752789e+02
  3.12786993e+02  4.52608541e+02  4.52633029e+02  4.52645283e+02
  4.58913809e+02  6.30227829e+02  6.30249753e+02  6.86173959e+02
  8.63427230e+02  8.63443131e+02  8.63453736e+02  8.63459040e+02
  1.01070108e+03  1.18136724e+03  1.18137882e+03  1.18138461e+03
  1.25502264e+03  1.25503550e+03  1.47606183e+03  2.14910979e+03
  2.54087223e+03  2.54087864e+03  3.13202306e+03  4.61650567e+03
  6.97215527e+03  1.27597910e+04]
alpha-B3u nocc = 1  HOMO = -0.611275398669709  LUMO = 0.0694459450468969
   mo_energy = [-6.11275399e-01  6.94459450e-02  2.63789974e-01  7.14076099e-01
  7.16797887e-01  7.30651588e-01  1.74641720e+00  1.97352588e+00
  1.98887774e+00  3.06118013e+00  3.07503960e+00  3.07971607e+00
  3.87876734e+00  4.35987709e+00  4.38667898e+00  7.33712581e+00
  7.36431418e+00  7.37345391e+00  8.23965492e+00  8.63002373e+00
  8.64979522e+00  8.66179866e+00  8.66582411e+00  8.90834544e+00
  8.94452390e+00  1.51904445e+01  1.52300243e+01  1.52433026e+01
  1.69877859e+01  1.77917740e+01  1.78327697e+01  1.96752475e+01
  1.97081117e+01  1.97279894e+01  1.97346423e+01  3.02278571e+01
  3.02749212e+01  3.02906769e+01  3.38678575e+01  3.55715306e+01
  3.56110880e+01  4.38495321e+01  4.38917240e+01  4.39171668e+01
  4.39256692e+01  6.11627388e+01  6.12088486e+01  6.12242648e+01
  6.40912860e+01  7.20164513e+01  7.20498608e+01  1.13570846e+02
  1.51087302e+02  1.51112189e+02  1.69897128e+02  1.69929406e+02
  1.69940178e+02  1.89110759e+02  2.99826088e+02  3.12774149e+02
  3.12791279e+02  4.52622312e+02  4.52640687e+02  4.52646816e+02
  4.58956581e+02  6.30241527e+02  6.30252495e+02  6.86209600e+02
  8.63435842e+02  8.63449096e+02  8.63457051e+02  8.63459703e+02
  1.01072979e+03  1.18137376e+03  1.18138244e+03  1.18138534e+03
  1.25503068e+03  1.25503711e+03  1.47608409e+03  2.14912632e+03
  2.54087624e+03  2.54087945e+03  3.13203470e+03  4.61651324e+03
  6.97215952e+03  1.27597925e+04]
beta-Ag nocc = 2  HOMO = -1.07738589898275  LUMO = 0.0926987013936137
   mo_energy = [-2.06441293e+01 -1.07738590e+00  9.26987014e-02  2.87273544e-01
  2.90902016e-01  4.85113627e-01  8.56545086e-01  8.59215758e-01
  1.33334245e+00  1.34332696e+00  1.34668041e+00  1.56926466e+00
  1.92423535e+00  1.93591235e+00  3.43306369e+00  3.45291845e+00
  3.45949547e+00  3.94052715e+00  3.94719383e+00  4.26364028e+00
  5.02021121e+00  5.03755809e+00  5.04805519e+00  5.05156944e+00
  7.19183235e+00  7.22221004e+00  7.23224044e+00  7.81925155e+00
  7.83256894e+00  1.07051931e+01  1.14503497e+01  1.14800924e+01
  1.14980508e+01  1.15040560e+01  1.39573665e+01  1.39986234e+01
  1.40123362e+01  1.44517794e+01  1.44757635e+01  1.44930301e+01
  1.45034452e+01  1.45069261e+01  1.54337664e+01  1.54672814e+01
  2.41636086e+01  2.42050086e+01  2.42299893e+01  2.42383397e+01
  2.56852506e+01  2.65635080e+01  2.66136267e+01  2.66303583e+01
  3.06134862e+01  3.06599948e+01  3.29462764e+01  3.29819212e+01
  3.30075454e+01  3.30229861e+01  3.30281440e+01  5.15194120e+01
  5.15709226e+01  5.15880872e+01  5.16978276e+01  5.17447785e+01
  5.17733219e+01  5.17829132e+01  5.94607677e+01  6.10825059e+01
  6.11321973e+01  1.20814207e+02  1.20856388e+02  1.20870435e+02
  1.22572497e+02  1.22616023e+02  1.34099696e+02  2.42100117e+02
  2.42134587e+02  2.87372413e+02  2.87401611e+02  2.87411356e+02
  2.97941927e+02  4.21054508e+02  4.21077400e+02  4.21091145e+02
  4.21095729e+02  4.66301907e+02  4.66326912e+02  6.57694098e+02
  6.67372430e+02  6.67389781e+02  6.67395568e+02  8.82014505e+02
  8.82031175e+02  1.19474469e+03  1.19475613e+03  1.19476300e+03
  1.19476529e+03  1.44748778e+03  1.56275336e+03  1.56276194e+03
  1.56276480e+03  1.66272944e+03  1.66273951e+03  3.16790249e+03
  3.19220877e+03  3.19221388e+03  6.83103741e+03  1.43278973e+04
  2.90485465e+04  5.75133096e+04  1.14332832e+05  2.39206961e+05
  5.81055991e+05]
beta-B1g nocc = 0
   mo_energy = [2.89907910e-01 8.56829433e-01 1.33914997e+00 1.34584119e+00
 1.92638384e+00 3.44465970e+00 3.45785424e+00 3.94250456e+00
 5.02972940e+00 5.04367313e+00 5.05069016e+00 7.20959930e+00
 7.22973802e+00 7.82918490e+00 1.14666793e+01 1.14905578e+01
 1.15025538e+01 1.39814540e+01 1.40089099e+01 1.44646009e+01
 1.44852460e+01 1.44991005e+01 1.45060555e+01 1.54587734e+01
 2.41863425e+01 2.42195678e+01 2.42362510e+01 2.65927298e+01
 2.66261742e+01 3.06481555e+01 3.29653387e+01 3.29959975e+01
 3.30165464e+01 3.30268540e+01 5.15494603e+01 5.15837967e+01
 5.17235651e+01 5.17613893e+01 5.17805114e+01 6.11192426e+01
 1.20838820e+02 1.20866924e+02 1.22605154e+02 2.42125956e+02
 2.87389438e+02 2.87408919e+02 4.21067096e+02 4.21085417e+02
 4.21094583e+02 4.66320652e+02 6.67382549e+02 6.67394121e+02
 8.82027003e+02 1.19475099e+03 1.19476014e+03 1.19476471e+03
 1.56275836e+03 1.56276408e+03 1.66273699e+03 3.19221260e+03]
beta-B2g nocc = 0
   mo_energy = [2.89907910e-01 8.56829433e-01 1.33914997e+00 1.34584119e+00
 1.92638384e+00 3.44465970e+00 3.45785424e+00 3.94250456e+00
 5.02972940e+00 5.04367313e+00 5.05069016e+00 7.20959930e+00
 7.22973802e+00 7.82918490e+00 1.14666793e+01 1.14905578e+01
 1.15025538e+01 1.39814540e+01 1.40089099e+01 1.44646009e+01
 1.44852460e+01 1.44991005e+01 1.45060555e+01 1.54587734e+01
 2.41863425e+01 2.42195678e+01 2.42362510e+01 2.65927298e+01
 2.66261742e+01 3.06481555e+01 3.29653387e+01 3.29959975e+01
 3.30165464e+01 3.30268540e+01 5.15494603e+01 5.15837967e+01
 5.17235651e+01 5.17613893e+01 5.17805114e+01 6.11192426e+01
 1.20838820e+02 1.20866924e+02 1.22605154e+02 2.42125956e+02
 2.87389438e+02 2.87408919e+02 4.21067096e+02 4.21085417e+02
 4.21094583e+02 4.66320652e+02 6.67382549e+02 6.67394121e+02
 8.82027003e+02 1.19475099e+03 1.19476014e+03 1.19476471e+03
 1.56275836e+03 1.56276408e+03 1.66273699e+03 3.19221260e+03]
beta-B3g nocc = 0
   mo_energy = [2.87273544e-01 8.59215758e-01 1.33334245e+00 1.34332696e+00
 1.93591235e+00 3.43306369e+00 3.45291845e+00 3.94719383e+00
 5.02021121e+00 5.03755809e+00 5.04805519e+00 7.19183235e+00
 7.22221004e+00 7.81925155e+00 1.14503497e+01 1.14800924e+01
 1.14980508e+01 1.39573665e+01 1.39986234e+01 1.44517794e+01
 1.44757635e+01 1.44930301e+01 1.45034452e+01 1.54337664e+01
 2.41636086e+01 2.42050086e+01 2.42299893e+01 2.65635080e+01
 2.66136267e+01 3.06134862e+01 3.29462764e+01 3.29819212e+01
 3.30075454e+01 3.30229861e+01 5.15194120e+01 5.15709226e+01
 5.16978276e+01 5.17447785e+01 5.17733219e+01 6.10825059e+01
 1.20814207e+02 1.20856388e+02 1.22572497e+02 2.42100117e+02
 2.87372413e+02 2.87401611e+02 4.21054508e+02 4.21077400e+02
 4.21091145e+02 4.66301907e+02 6.67372430e+02 6.67389781e+02
 8.82014505e+02 1.19474469e+03 1.19475613e+03 1.19476300e+03
 1.56275336e+03 1.56276194e+03 1.66272944e+03 3.19220877e+03]
beta-Au nocc = 0
   mo_energy = [7.15942679e-01 1.98938271e+00 3.06596697e+00 3.07754899e+00
 4.40015215e+00 7.35481555e+00 7.37558765e+00 8.63754473e+00
 8.65492692e+00 8.66544648e+00 8.96503116e+00 1.52219506e+01
 1.52516439e+01 1.78479111e+01 1.96939320e+01 1.97218836e+01
 1.97387630e+01 3.02654269e+01 3.03017545e+01 3.56155322e+01
 4.38771799e+01 4.39129407e+01 4.39344937e+01 6.11959926e+01
 6.12331251e+01 7.20450399e+01 1.51102752e+02 1.69915185e+02
 1.69942758e+02 3.12781520e+02 4.52628757e+02 4.52645479e+02
 6.30244842e+02 8.63439306e+02 8.63451841e+02 8.63459365e+02
 1.18137565e+03 1.18138387e+03 1.25503210e+03 2.54087681e+03]
beta-B1u nocc = 0
   mo_energy = [4.76439237e-02 1.09670552e-01 3.10413496e-01 7.10985793e-01
 7.18746470e-01 7.87057490e-01 1.80465340e+00 1.98053666e+00
 1.99489674e+00 3.05734816e+00 3.07271049e+00 3.08046084e+00
 3.92024674e+00 4.38695068e+00 4.40825079e+00 7.33930411e+00
 7.36692013e+00 7.38079667e+00 8.25632042e+00 8.62634383e+00
 8.64708203e+00 8.66105494e+00 8.66808723e+00 8.94503769e+00
 8.97738377e+00 1.51997814e+01 1.52392530e+01 1.52590912e+01
 1.69797973e+01 1.78202023e+01 1.78651027e+01 1.96758827e+01
 1.97092776e+01 1.97317200e+01 1.97429957e+01 3.02382939e+01
 3.02865971e+01 3.03108633e+01 3.38403321e+01 3.55830474e+01
 3.56354010e+01 4.38540427e+01 4.38968235e+01 4.39255045e+01
 4.39398933e+01 6.11682404e+01 6.12176352e+01 6.12424314e+01
 6.40522355e+01 7.20134246e+01 7.20641142e+01 1.13527096e+02
 1.51076909e+02 1.51118287e+02 1.69894537e+02 1.69931264e+02
 1.69949658e+02 1.89066679e+02 2.99784481e+02 3.12762572e+02
 3.12792913e+02 4.52616225e+02 4.52638510e+02 4.52649662e+02
 4.58919211e+02 6.30232186e+02 6.30252442e+02 6.86177513e+02
 8.63431161e+02 8.63446200e+02 8.63456230e+02 8.63461246e+02
 1.01070340e+03 1.18136949e+03 1.18138045e+03 1.18138593e+03
 1.25502448e+03 1.25503668e+03 1.47606332e+03 2.14911072e+03
 2.54087295e+03 2.54087913e+03 3.13202362e+03 4.61650601e+03
 6.97215546e+03 1.27597911e+04]
beta-B2u nocc = 0
   mo_energy = [4.76439237e-02 1.09670552e-01 3.10413496e-01 7.10985793e-01
 7.18746470e-01 7.87057490e-01 1.80465340e+00 1.98053666e+00
 1.99489674e+00 3.05734816e+00 3.07271049e+00 3.08046084e+00
 3.92024674e+00 4.38695068e+00 4.40825079e+00 7.33930411e+00
 7.36692013e+00 7.38079667e+00 8.25632043e+00 8.62634383e+00
 8.64708203e+00 8.66105494e+00 8.66808723e+00 8.94503769e+00
 8.97738377e+00 1.51997814e+01 1.52392530e+01 1.52590912e+01
 1.69797973e+01 1.78202023e+01 1.78651027e+01 1.96758827e+01
 1.97092776e+01 1.97317200e+01 1.97429957e+01 3.02382939e+01
 3.02865971e+01 3.03108633e+01 3.38403321e+01 3.55830474e+01
 3.56354010e+01 4.38540427e+01 4.38968235e+01 4.39255045e+01
 4.39398933e+01 6.11682404e+01 6.12176352e+01 6.12424314e+01
 6.40522356e+01 7.20134246e+01 7.20641142e+01 1.13527096e+02
 1.51076909e+02 1.51118287e+02 1.69894537e+02 1.69931264e+02
 1.69949658e+02 1.89066680e+02 2.99784482e+02 3.12762572e+02
 3.12792913e+02 4.52616225e+02 4.52638510e+02 4.52649662e+02
 4.58919211e+02 6.30232186e+02 6.30252442e+02 6.86177511e+02
 8.63431161e+02 8.63446200e+02 8.63456230e+02 8.63461246e+02
 1.01070339e+03 1.18136949e+03 1.18138045e+03 1.18138593e+03
 1.25502448e+03 1.25503668e+03 1.47606331e+03 2.14911071e+03
 2.54087295e+03 2.54087913e+03 3.13202362e+03 4.61650600e+03
 6.97215546e+03 1.27597911e+04]
beta-B3u nocc = 1  HOMO = -0.521354352338861  LUMO = 0.0701874830222656
   mo_energy = [-5.21354352e-01  7.01874830e-02  2.68828011e-01  7.15942679e-01
  7.19271213e-01  7.42222642e-01  1.76907891e+00  1.98938271e+00
  1.99666893e+00  3.06596697e+00  3.07754899e+00  3.08143292e+00
  3.90677015e+00  4.40015215e+00  4.41096041e+00  7.35481555e+00
  7.37558765e+00  7.38253442e+00  8.26881651e+00  8.63754473e+00
  8.65492692e+00  8.66544648e+00  8.66896845e+00  8.96503116e+00
  8.98156994e+00  1.52219506e+01  1.52516439e+01  1.52615758e+01
  1.70138781e+01  1.78479111e+01  1.78709589e+01  1.96939320e+01
  1.97218836e+01  1.97387630e+01  1.97444077e+01  3.02654269e+01
  3.03017545e+01  3.03139020e+01  3.38877126e+01  3.56155322e+01
  3.56421005e+01  4.38771799e+01  4.39129407e+01  4.39344937e+01
  4.39416942e+01  6.11959926e+01  6.12331251e+01  6.12455356e+01
  6.41050370e+01  7.20450399e+01  7.20704906e+01  1.13580110e+02
  1.51102752e+02  1.51123470e+02  1.69915185e+02  1.69942758e+02
  1.69951959e+02  1.89116978e+02  2.99830286e+02  3.12781520e+02
  3.12796715e+02  4.52628757e+02  4.52645479e+02  4.52651056e+02
  4.58959412e+02  6.30244842e+02  6.30254976e+02  6.86211499e+02
  8.63439306e+02  8.63451841e+02  8.63459365e+02  8.63461873e+02
  1.01073105e+03  1.18137565e+03  1.18138387e+03  1.18138661e+03
  1.25503210e+03  1.25503820e+03  1.47608491e+03  2.14912685e+03
  2.54087681e+03  2.54087991e+03  3.13203504e+03  4.61651345e+03
  6.97215965e+03  1.27597926e+04]
multiplicity <S^2> = 2.0093504  2S+1 = 3.0062272
E1 = -103.32454840580135  Ecoul = 28.453186977203657
cycle= 1 E= -74.8713614285977  delta_E= -1.32e-06  |g|= 3.6e-05  |ddm|= 0.0055
    CPU time for cycle= 1    119.74 sec, wall time     30.05 sec
diis-norm(errvec)=5.09661e-05
diis-c [-2.59753994e-09  1.00000000e+00]
alpha HOMO (B3u) = -0.611275209224732  LUMO (B2u) = 0.0666136211435478
alpha irrep_nelec = [2, 0, 0, 0, 0, 1, 1, 1]
beta  irrep_nelec = [2, 0, 0, 0, 0, 0, 0, 1]
alpha-Ag nocc = 2  HOMO = -1.42026534117535  LUMO = 0.0872056986758677
   mo_energy = [-2.07223373e+01 -1.42026534e+00  8.72056987e-02  2.82937542e-01
  2.90330091e-01  4.60463143e-01  8.21007990e-01  8.45110699e-01
  1.33022011e+00  1.34214007e+00  1.34621961e+00  1.51824403e+00
  1.84176137e+00  1.88759938e+00  3.41533296e+00  3.44375066e+00
  3.45340817e+00  3.82675298e+00  3.88856452e+00  4.19673836e+00
  5.01329834e+00  5.03324764e+00  5.04537750e+00  5.04944846e+00
  7.15312335e+00  7.19974763e+00  7.21545217e+00  7.70723958e+00
  7.78056894e+00  1.06429151e+01  1.14299560e+01  1.14661423e+01
  1.14880622e+01  1.14954044e+01  1.39038294e+01  1.39656304e+01
  1.39863343e+01  1.44406461e+01  1.44675324e+01  1.44869248e+01
  1.44986371e+01  1.45025541e+01  1.53449970e+01  1.54242542e+01
  2.41293427e+01  2.41804760e+01  2.42113718e+01  2.42217069e+01
  2.56396176e+01  2.65080447e+01  2.65782637e+01  2.66017584e+01
  3.05506898e+01  3.06284399e+01  3.29237491e+01  3.29645308e+01
  3.29938723e+01  3.30115629e+01  3.30174741e+01  5.14731149e+01
  5.15405058e+01  5.15629292e+01  5.16598334e+01  5.17169263e+01
  5.17518266e+01  5.17636069e+01  5.94329310e+01  6.10428978e+01
  6.11119820e+01  1.20786572e+02  1.20838186e+02  1.20855372e+02
  1.22550274e+02  1.22604019e+02  1.34085657e+02  2.42088645e+02
  2.42128225e+02  2.87360566e+02  2.87393755e+02  2.87404832e+02
  2.97935456e+02  4.21045308e+02  4.21070504e+02  4.21085634e+02
  4.21090679e+02  4.66296269e+02  4.66323699e+02  6.57691325e+02
  6.67368037e+02  6.67386832e+02  6.67393101e+02  8.82011835e+02
  8.82029601e+02  1.19474227e+03  1.19475430e+03  1.19476152e+03
  1.19476393e+03  1.44748662e+03  1.56275193e+03  1.56276095e+03
  1.56276395e+03  1.66272822e+03  1.66273875e+03  3.16790200e+03
  3.19220825e+03  3.19221353e+03  6.83103720e+03  1.43278973e+04
  2.90485464e+04  5.75133096e+04  1.14332832e+05  2.39206961e+05
  5.81055991e+05]
alpha-B1g nocc = 0
   mo_energy = [2.88427585e-01 8.38747726e-01 1.33712072e+00 1.34519396e+00
 1.87542944e+00 3.43182016e+00 3.45098351e+00 3.87269327e+00
 5.02422996e+00 5.04030839e+00 5.04842940e+00 7.18025278e+00
 7.21151553e+00 7.76165155e+00 1.14498055e+01 1.14789096e+01
 1.14935672e+01 1.39398320e+01 1.39811521e+01 1.44550118e+01
 1.44781786e+01 1.44937499e+01 1.45015743e+01 1.54038872e+01
 2.41574108e+01 2.41984787e+01 2.42191214e+01 2.65489591e+01
 2.65958803e+01 3.06084927e+01 3.29455537e+01 3.29806466e+01
 3.30041839e+01 3.30159956e+01 5.15124413e+01 5.15573263e+01
 5.16910952e+01 5.17372116e+01 5.17606538e+01 6.10937401e+01
 1.20816692e+02 1.20851076e+02 1.22590614e+02 2.42118315e+02
 2.87379919e+02 2.87402062e+02 4.21059163e+02 4.21079329e+02
 4.21089417e+02 4.66316832e+02 6.67378998e+02 6.67391533e+02
 8.82025155e+02 1.19474889e+03 1.19475851e+03 1.19476333e+03
 1.56275719e+03 1.56276320e+03 1.66273612e+03 3.19221220e+03]
alpha-B2g nocc = 0
   mo_energy = [2.88427585e-01 8.38747726e-01 1.33712072e+00 1.34519396e+00
 1.87542944e+00 3.43182016e+00 3.45098351e+00 3.87269327e+00
 5.02422996e+00 5.04030839e+00 5.04842940e+00 7.18025278e+00
 7.21151553e+00 7.76165155e+00 1.14498055e+01 1.14789096e+01
 1.14935672e+01 1.39398320e+01 1.39811521e+01 1.44550118e+01
 1.44781786e+01 1.44937499e+01 1.45015743e+01 1.54038872e+01
 2.41574108e+01 2.41984787e+01 2.42191214e+01 2.65489591e+01
 2.65958803e+01 3.06084927e+01 3.29455537e+01 3.29806466e+01
 3.30041839e+01 3.30159956e+01 5.15124413e+01 5.15573263e+01
 5.16910952e+01 5.17372116e+01 5.17606538e+01 6.10937401e+01
 1.20816692e+02 1.20851076e+02 1.22590614e+02 2.42118315e+02
 2.87379919e+02 2.87402062e+02 4.21059163e+02 4.21079329e+02
 4.21089417e+02 4.66316832e+02 6.67378998e+02 6.67391533e+02
 8.82025155e+02 1.19474889e+03 1.19475851e+03 1.19476333e+03
 1.56275719e+03 1.56276320e+03 1.66273612e+03 3.19221220e+03]
alpha-B3g nocc = 0
   mo_energy = [2.82937542e-01 8.21007990e-01 1.33022011e+00 1.34214007e+00
 1.84176137e+00 3.41533296e+00 3.44375066e+00 3.82675298e+00
 5.01329834e+00 5.03324764e+00 5.04537750e+00 7.15312335e+00
 7.19974763e+00 7.70723958e+00 1.14299560e+01 1.14661423e+01
 1.14880622e+01 1.39038294e+01 1.39656304e+01 1.44406461e+01
 1.44675324e+01 1.44869248e+01 1.44986371e+01 1.53449970e+01
 2.41293427e+01 2.41804760e+01 2.42113718e+01 2.65080447e+01
 2.65782637e+01 3.05506898e+01 3.29237491e+01 3.29645308e+01
 3.29938723e+01 3.30115629e+01 5.14731149e+01 5.15405058e+01
 5.16598334e+01 5.17169263e+01 5.17518266e+01 6.10428978e+01
 1.20786572e+02 1.20838186e+02 1.22550274e+02 2.42088645e+02
 2.87360566e+02 2.87393755e+02 4.21045308e+02 4.21070504e+02
 4.21085634e+02 4.66296269e+02 6.67368037e+02 6.67386832e+02
 8.82011835e+02 1.19474227e+03 1.19475430e+03 1.19476152e+03
 1.56275193e+03 1.56276095e+03 1.66272822e+03 3.19220825e+03]
alpha-Au nocc = 0
   mo_energy = [7.14076202e-01 1.97352617e+00 3.06118050e+00 3.07503996e+00
 4.35987706e+00 7.33712553e+00 7.36431393e+00 8.63002372e+00
 8.64979517e+00 8.66179861e+00 8.90834577e+00 1.51904451e+01
 1.52300249e+01 1.77917743e+01 1.96752478e+01 1.97081120e+01
 1.97279897e+01 3.02278572e+01 3.02749214e+01 3.55715310e+01
 4.38495324e+01 4.38917243e+01 4.39171671e+01 6.11627392e+01
 6.12088489e+01 7.20164517e+01 1.51087302e+02 1.69897129e+02
 1.69929406e+02 3.12774150e+02 4.52622313e+02 4.52640688e+02
 6.30241528e+02 8.63435843e+02 8.63449097e+02 8.63457051e+02
 1.18137376e+03 1.18138244e+03 1.25503068e+03 2.54087624e+03]
alpha-B1u nocc = 1  HOMO = -0.710714060456326  LUMO = 0.0666136211437682
   mo_energy = [-7.10714060e-01  6.66136211e-02  2.53546554e-01  7.02869810e-01
  7.07492689e-01  7.19376687e-01  1.70567731e+00  1.95569702e+00
  1.98487214e+00  3.05094356e+00  3.06923490e+00  3.07854456e+00
  3.82180514e+00  4.32831710e+00  4.37977057e+00  7.31695171e+00
  7.35294403e+00  7.37116503e+00  8.17067101e+00  8.61732255e+00
  8.64086253e+00  8.65678401e+00  8.66481653e+00  8.86558299e+00
  8.93522194e+00  1.51610033e+01  1.52134873e+01  1.52399795e+01
  1.69131527e+01  1.77431410e+01  1.78222523e+01  1.96540606e+01
  1.96932824e+01  1.97196926e+01  1.97329781e+01  3.01927557e+01
  3.02552745e+01  3.02867350e+01  3.37938197e+01  3.55233890e+01
  3.56010883e+01  4.38222491e+01  4.38727051e+01  4.39065542e+01
  4.39235428e+01  6.11282928e+01  6.11896113e+01  6.12204089e+01
  6.40219778e+01  7.19749731e+01  7.20414890e+01  1.13507744e+02
  1.51056259e+02  1.51105963e+02  1.69872958e+02  1.69915950e+02
  1.69937485e+02  1.89054181e+02  2.99776292e+02  3.12752790e+02
  3.12786994e+02  4.52608542e+02  4.52633030e+02  4.52645284e+02
  4.58913811e+02  6.30227830e+02  6.30249753e+02  6.86173963e+02
  8.63427231e+02  8.63443132e+02  8.63453737e+02  8.63459040e+02
  1.01070109e+03  1.18136724e+03  1.18137882e+03  1.18138461e+03
  1.25502264e+03  1.25503550e+03  1.47606184e+03  2.14910980e+03
  2.54087223e+03  2.54087864e+03  3.13202305e+03  4.61650568e+03
  6.97215528e+03  1.27597911e+04]
alpha-B2u nocc = 1  HOMO = -0.71071406046096  LUMO = 0.0666136211435478
   mo_energy = [-7.10714060e-01  6.66136211e-02  2.53546554e-01  7.02869810e-01
  7.07492689e-01  7.19376687e-01  1.70567731e+00  1.95569702e+00
  1.98487214e+00  3.05094356e+00  3.06923490e+00  3.07854456e+00
  3.82180514e+00  4.32831710e+00  4.37977057e+00  7.31695171e+00
  7.35294403e+00  7.37116503e+00  8.17067101e+00  8.61732255e+00
  8.64086253e+00  8.65678401e+00  8.66481653e+00  8.86558299e+00
  8.93522194e+00  1.51610033e+01  1.52134873e+01  1.52399795e+01
  1.69131527e+01  1.77431410e+01  1.78222523e+01  1.96540606e+01
  1.96932824e+01  1.97196926e+01  1.97329781e+01  3.01927557e+01
  3.02552745e+01  3.02867350e+01  3.37938197e+01  3.55233890e+01
  3.56010883e+01  4.38222491e+01  4.38727051e+01  4.39065542e+01
  4.39235428e+01  6.11282928e+01  6.11896113e+01  6.12204089e+01
  6.40219776e+01  7.19749731e+01  7.20414890e+01  1.13507743e+02
  1.51056259e+02  1.51105963e+02  1.69872958e+02  1.69915950e+02
  1.69937485e+02  1.89054180e+02  2.99776291e+02  3.12752790e+02
  3.12786994e+02  4.52608542e+02  4.52633030e+02  4.52645284e+02
  4.58913809e+02  6.30227830e+02  6.30249753e+02  6.86173959e+02
  8.63427231e+02  8.63443132e+02  8.63453737e+02  8.63459040e+02
  1.01070108e+03  1.18136724e+03  1.18137882e+03  1.18138461e+03
  1.25502264e+03  1.25503550e+03  1.47606183e+03  2.14910979e+03
  2.54087223e+03  2.54087864e+03  3.13202306e+03  4.61650567e+03
  6.97215527e+03  1.27597911e+04]
alpha-B3u nocc = 1  HOMO = -0.611275209224732  LUMO = 0.0694459655686495
   mo_energy = [-6.11275209e-01  6.94459656e-02  2.63790105e-01  7.14076202e-01
  7.16797998e-01  7.30651663e-01  1.74641729e+00  1.97352617e+00
  1.98887807e+00  3.06118050e+00  3.07503996e+00  3.07971643e+00
  3.87876771e+00  4.35987706e+00  4.38667895e+00  7.33712553e+00
  7.36431393e+00  7.37345367e+00  8.23965490e+00  8.63002372e+00
  8.64979517e+00  8.66179861e+00  8.66582404e+00  8.90834577e+00
  8.94452424e+00  1.51904451e+01  1.52300249e+01  1.52433031e+01
  1.69877867e+01  1.77917743e+01  1.78327699e+01  1.96752478e+01
  1.97081120e+01  1.97279897e+01  1.97346426e+01  3.02278572e+01
  3.02749214e+01  3.02906771e+01  3.38678576e+01  3.55715310e+01
  3.56110884e+01  4.38495324e+01  4.38917243e+01  4.39171671e+01
  4.39256694e+01  6.11627392e+01  6.12088489e+01  6.12242652e+01
  6.40912865e+01  7.20164517e+01  7.20498613e+01  1.13570846e+02
  1.51087302e+02  1.51112190e+02  1.69897129e+02  1.69929406e+02
  1.69940178e+02  1.89110759e+02  2.99826089e+02  3.12774150e+02
  3.12791280e+02  4.52622313e+02  4.52640688e+02  4.52646816e+02
  4.58956582e+02  6.30241528e+02  6.30252496e+02  6.86209600e+02
  8.63435843e+02  8.63449097e+02  8.63457051e+02  8.63459703e+02
  1.01072979e+03  1.18137376e+03  1.18138244e+03  1.18138534e+03
  1.25503068e+03  1.25503711e+03  1.47608409e+03  2.14912632e+03
  2.54087624e+03  2.54087945e+03  3.13203470e+03  4.61651324e+03
  6.97215952e+03  1.27597925e+04]
beta-Ag nocc = 2  HOMO = -1.07738567981829  LUMO = 0.0926987646367131
   mo_energy = [-2.06441287e+01 -1.07738568e+00  9.26987646e-02  2.87273649e-01
  2.90902197e-01  4.85113870e-01  8.56545086e-01  8.59215923e-01
  1.33334278e+00  1.34332727e+00  1.34668074e+00  1.56926449e+00
  1.92423565e+00  1.93591234e+00  3.43306346e+00  3.45291830e+00
  3.45949536e+00  3.94052729e+00  3.94719416e+00  4.26364095e+00
  5.02021127e+00  5.03755811e+00  5.04805520e+00  5.05156945e+00
  7.19183287e+00  7.22221045e+00  7.23224082e+00  7.81925187e+00
  7.83256933e+00  1.07051931e+01  1.14503498e+01  1.14800926e+01
  1.14980510e+01  1.15040562e+01  1.39573665e+01  1.39986235e+01
  1.40123363e+01  1.44517792e+01  1.44757634e+01  1.44930300e+01
  1.45034451e+01  1.45069260e+01  1.54337665e+01  1.54672815e+01
  2.41636090e+01  2.42050090e+01  2.42299896e+01  2.42383401e+01
  2.56852513e+01  2.65635084e+01  2.66136270e+01  2.66303586e+01
  3.06134869e+01  3.06599954e+01  3.29462770e+01  3.29819217e+01
  3.30075459e+01  3.30229866e+01  3.30281445e+01  5.15194123e+01
  5.15709229e+01  5.15880876e+01  5.16978278e+01  5.17447787e+01
  5.17733221e+01  5.17829134e+01  5.94607680e+01  6.10825060e+01
  6.11321976e+01  1.20814207e+02  1.20856388e+02  1.20870435e+02
  1.22572498e+02  1.22616024e+02  1.34099697e+02  2.42100117e+02
  2.42134588e+02  2.87372413e+02  2.87401611e+02  2.87411356e+02
  2.97941928e+02  4.21054508e+02  4.21077400e+02  4.21091146e+02
  4.21095729e+02  4.66301908e+02  4.66326913e+02  6.57694099e+02
  6.67372431e+02  6.67389782e+02  6.67395569e+02  8.82014506e+02
  8.82031176e+02  1.19474470e+03  1.19475613e+03  1.19476300e+03
  1.19476529e+03  1.44748778e+03  1.56275336e+03  1.56276194e+03
  1.56276480e+03  1.66272944e+03  1.66273951e+03  3.16790249e+03
  3.19220877e+03  3.19221388e+03  6.83103741e+03  1.43278973e+04
  2.90485465e+04  5.75133096e+04  1.14332832e+05  2.39206961e+05
  5.81055991e+05]
beta-B1g nocc = 0
   mo_energy = [2.89908027e-01 8.56829474e-01 1.33915028e+00 1.34584151e+00
 1.92638405e+00 3.44465951e+00 3.45785413e+00 3.94250471e+00
 5.02972943e+00 5.04367314e+00 5.05069017e+00 7.20959975e+00
 7.22973841e+00 7.82918527e+00 1.14666795e+01 1.14905579e+01
 1.15025540e+01 1.39814540e+01 1.40089100e+01 1.44646007e+01
 1.44852459e+01 1.44991004e+01 1.45060554e+01 1.54587735e+01
 2.41863429e+01 2.42195682e+01 2.42362514e+01 2.65927302e+01
 2.66261745e+01 3.06481562e+01 3.29653393e+01 3.29959980e+01
 3.30165469e+01 3.30268545e+01 5.15494607e+01 5.15837971e+01
 5.17235653e+01 5.17613895e+01 5.17805116e+01 6.11192429e+01
 1.20838821e+02 1.20866924e+02 1.22605155e+02 2.42125956e+02
 2.87389439e+02 2.87408920e+02 4.21067096e+02 4.21085418e+02
 4.21094583e+02 4.66320653e+02 6.67382550e+02 6.67394122e+02
 8.82027004e+02 1.19475099e+03 1.19476014e+03 1.19476472e+03
 1.56275836e+03 1.56276408e+03 1.66273699e+03 3.19221260e+03]
beta-B2g nocc = 0
   mo_energy = [2.89908027e-01 8.56829474e-01 1.33915028e+00 1.34584151e+00
 1.92638405e+00 3.44465951e+00 3.45785413e+00 3.94250471e+00
 5.02972943e+00 5.04367314e+00 5.05069017e+00 7.20959975e+00
 7.22973841e+00 7.82918527e+00 1.14666795e+01 1.14905579e+01
 1.15025540e+01 1.39814540e+01 1.40089100e+01 1.44646007e+01
 1.44852459e+01 1.44991004e+01 1.45060554e+01 1.54587735e+01
 2.41863429e+01 2.42195682e+01 2.42362514e+01 2.65927302e+01
 2.66261745e+01 3.06481562e+01 3.29653393e+01 3.29959980e+01
 3.30165469e+01 3.30268545e+01 5.15494607e+01 5.15837971e+01
 5.17235653e+01 5.17613895e+01 5.17805116e+01 6.11192429e+01
 1.20838821e+02 1.20866924e+02 1.22605155e+02 2.42125956e+02
 2.87389439e+02 2.87408920e+02 4.21067096e+02 4.21085418e+02
 4.21094583e+02 4.66320653e+02 6.67382550e+02 6.67394122e+02
 8.82027004e+02 1.19475099e+03 1.19476014e+03 1.19476472e+03
 1.56275836e+03 1.56276408e+03 1.66273699e+03 3.19221260e+03]
beta-B3g nocc = 0
   mo_energy = [2.87273649e-01 8.59215923e-01 1.33334278e+00 1.34332727e+00
 1.93591234e+00 3.43306346e+00 3.45291830e+00 3.94719416e+00
 5.02021127e+00 5.03755811e+00 5.04805520e+00 7.19183287e+00
 7.22221045e+00 7.81925187e+00 1.14503498e+01 1.14800926e+01
 1.14980510e+01 1.39573665e+01 1.39986235e+01 1.44517792e+01
 1.44757634e+01 1.44930300e+01 1.45034451e+01 1.54337665e+01
 2.41636090e+01 2.42050090e+01 2.42299896e+01 2.65635084e+01
 2.66136270e+01 3.06134869e+01 3.29462770e+01 3.29819217e+01
 3.30075459e+01 3.30229866e+01 5.15194123e+01 5.15709229e+01
 5.16978278e+01 5.17447787e+01 5.17733221e+01 6.10825060e+01
 1.20814207e+02 1.20856388e+02 1.22572498e+02 2.42100117e+02
 2.87372413e+02 2.87401611e+02 4.21054508e+02 4.21077400e+02
 4.21091146e+02 4.66301908e+02 6.67372431e+02 6.67389782e+02
 8.82014506e+02 1.19474470e+03 1.19475613e+03 1.19476300e+03
 1.56275336e+03 1.56276194e+03 1.66272944e+03 3.19220877e+03]
beta-Au nocc = 0
   mo_energy = [7.15942964e-01 1.98938241e+00 3.06596709e+00 3.07754909e+00
 4.40015280e+00 7.35481571e+00 7.37558784e+00 8.63754463e+00
 8.65492683e+00 8.66544640e+00 8.96503100e+00 1.52219508e+01
 1.52516441e+01 1.78479116e+01 1.96939323e+01 1.97218839e+01
 1.97387633e+01 3.02654272e+01 3.03017548e+01 3.56155325e+01
 4.38771802e+01 4.39129410e+01 4.39344940e+01 6.11959929e+01
 6.12331255e+01 7.20450404e+01 1.51102752e+02 1.69915186e+02
 1.69942758e+02 3.12781521e+02 4.52628758e+02 4.52645480e+02
 6.30244843e+02 8.63439307e+02 8.63451842e+02 8.63459366e+02
 1.18137565e+03 1.18138387e+03 1.25503210e+03 2.54087681e+03]
beta-B1u nocc = 0
   mo_energy = [4.76437955e-02 1.09671076e-01 3.10413468e-01 7.10986090e-01
 7.18746780e-01 7.87057778e-01 1.80465279e+00 1.98053634e+00
 1.99489648e+00 3.05734832e+00 3.07271059e+00 3.08046094e+00
 3.92024824e+00 4.38695141e+00 4.40825141e+00 7.33930426e+00
 7.36692031e+00 7.38079687e+00 8.25631956e+00 8.62634372e+00
 8.64708194e+00 8.66105485e+00 8.66808714e+00 8.94503746e+00
 8.97738366e+00 1.51997817e+01 1.52392532e+01 1.52590914e+01
 1.69797984e+01 1.78202029e+01 1.78651031e+01 1.96758830e+01
 1.97092779e+01 1.97317203e+01 1.97429960e+01 3.02382943e+01
 3.02865974e+01 3.03108637e+01 3.38403321e+01 3.55830477e+01
 3.56354013e+01 4.38540430e+01 4.38968238e+01 4.39255047e+01
 4.39398936e+01 6.11682406e+01 6.12176355e+01 6.12424318e+01
 6.40522358e+01 7.20134252e+01 7.20641147e+01 1.13527096e+02
 1.51076910e+02 1.51118287e+02 1.69894538e+02 1.69931264e+02
 1.69949659e+02 1.89066679e+02 2.99784481e+02 3.12762573e+02
 3.12792914e+02 4.52616226e+02 4.52638511e+02 4.52649662e+02
 4.58919211e+02 6.30232186e+02 6.30252442e+02 6.86177514e+02
 8.63431162e+02 8.63446201e+02 8.63456231e+02 8.63461247e+02
 1.01070340e+03 1.18136949e+03 1.18138045e+03 1.18138593e+03
 1.25502448e+03 1.25503668e+03 1.47606332e+03 2.14911072e+03
 2.54087295e+03 2.54087913e+03 3.13202362e+03 4.61650601e+03
 6.97215547e+03 1.27597911e+04]
beta-B2u nocc = 0
   mo_energy = [4.76437955e-02 1.09671076e-01 3.10413468e-01 7.10986090e-01
 7.18746780e-01 7.87057778e-01 1.80465279e+00 1.98053634e+00
 1.99489648e+00 3.05734832e+00 3.07271059e+00 3.08046094e+00
 3.92024824e+00 4.38695141e+00 4.40825141e+00 7.33930426e+00
 7.36692031e+00 7.38079687e+00 8.25631956e+00 8.62634372e+00
 8.64708194e+00 8.66105485e+00 8.66808714e+00 8.94503746e+00
 8.97738366e+00 1.51997817e+01 1.52392532e+01 1.52590914e+01
 1.69797984e+01 1.78202029e+01 1.78651031e+01 1.96758830e+01
 1.97092779e+01 1.97317203e+01 1.97429960e+01 3.02382943e+01
 3.02865974e+01 3.03108637e+01 3.38403322e+01 3.55830477e+01
 3.56354013e+01 4.38540430e+01 4.38968238e+01 4.39255047e+01
 4.39398936e+01 6.11682406e+01 6.12176355e+01 6.12424318e+01
 6.40522360e+01 7.20134252e+01 7.20641147e+01 1.13527096e+02
 1.51076910e+02 1.51118287e+02 1.69894538e+02 1.69931264e+02
 1.69949659e+02 1.89066680e+02 2.99784483e+02 3.12762573e+02
 3.12792914e+02 4.52616226e+02 4.52638511e+02 4.52649662e+02
 4.58919211e+02 6.30232186e+02 6.30252442e+02 6.86177512e+02
 8.63431162e+02 8.63446201e+02 8.63456231e+02 8.63461247e+02
 1.01070340e+03 1.18136949e+03 1.18138045e+03 1.18138593e+03
 1.25502448e+03 1.25503668e+03 1.47606331e+03 2.14911071e+03
 2.54087295e+03 2.54087913e+03 3.13202362e+03 4.61650600e+03
 6.97215546e+03 1.27597911e+04]
beta-B3u nocc = 1  HOMO = -0.521354128969671  LUMO = 0.0701874929827141
   mo_energy = [-5.21354129e-01  7.01874930e-02  2.68828187e-01  7.15942964e-01
  7.19271543e-01  7.42222790e-01  1.76907860e+00  1.98938241e+00
  1.99666868e+00  3.06596709e+00  3.07754909e+00  3.08143302e+00
  3.90677120e+00  4.40015280e+00  4.41096102e+00  7.35481571e+00
  7.37558784e+00  7.38253463e+00  8.26881598e+00  8.63754463e+00
  8.65492683e+00  8.66544640e+00  8.66896837e+00  8.96503100e+00
  8.98156986e+00  1.52219508e+01  1.52516441e+01  1.52615760e+01
  1.70138789e+01  1.78479116e+01  1.78709593e+01  1.96939323e+01
  1.97218839e+01  1.97387633e+01  1.97444080e+01  3.02654272e+01
  3.03017548e+01  3.03139023e+01  3.38877129e+01  3.56155325e+01
  3.56421008e+01  4.38771802e+01  4.39129410e+01  4.39344940e+01
  4.39416945e+01  6.11959929e+01  6.12331255e+01  6.12455359e+01
  6.41050373e+01  7.20450404e+01  7.20704911e+01  1.13580111e+02
  1.51102752e+02  1.51123471e+02  1.69915186e+02  1.69942758e+02
  1.69951960e+02  1.89116979e+02  2.99830286e+02  3.12781521e+02
  3.12796716e+02  4.52628758e+02  4.52645480e+02  4.52651057e+02
  4.58959412e+02  6.30244843e+02  6.30254976e+02  6.86211499e+02
  8.63439307e+02  8.63451842e+02  8.63459366e+02  8.63461874e+02
  1.01073105e+03  1.18137565e+03  1.18138387e+03  1.18138661e+03
  1.25503210e+03  1.25503820e+03  1.47608491e+03  2.14912685e+03
  2.54087681e+03  2.54087991e+03  3.13203504e+03  4.61651345e+03
  6.97215965e+03  1.27597926e+04]
multiplicity <S^2> = 2.0093505  2S+1 = 3.0062272
E1 = -103.32454833983148  Ecoul = 28.453186911030983
cycle= 2 E= -74.8713614288005  delta_E= -2.03e-10  |g|= 2.07e-06  |ddm|= 6.94e-05
    CPU time for cycle= 2    119.88 sec, wall time     30.08 sec
diis-norm(errvec)=2.92422e-06
diis-c [-4.83760717e-12 -3.93338845e-02  1.03933388e+00]
alpha HOMO (B3u) = -0.611275211924744  LUMO (B2u) = 0.066613625609735
alpha irrep_nelec = [2, 0, 0, 0, 0, 1, 1, 1]
beta  irrep_nelec = [2, 0, 0, 0, 0, 0, 0, 1]
alpha-Ag nocc = 2  HOMO = -1.42026533474853  LUMO = 0.0872057496324106
   mo_energy = [-2.07223374e+01 -1.42026533e+00  8.72057496e-02  2.82937578e-01
  2.90330134e-01  4.60463122e-01  8.21007996e-01  8.45110691e-01
  1.33022014e+00  1.34214012e+00  1.34621965e+00  1.51824411e+00
  1.84176143e+00  1.88759947e+00  3.41533304e+00  3.44375074e+00
  3.45340826e+00  3.82675301e+00  3.88856455e+00  4.19673837e+00
  5.01329843e+00  5.03324773e+00  5.04537759e+00  5.04944855e+00
  7.15312338e+00  7.19974766e+00  7.21545220e+00  7.70723960e+00
  7.78056896e+00  1.06429151e+01  1.14299561e+01  1.14661423e+01
  1.14880622e+01  1.14954044e+01  1.39038295e+01  1.39656304e+01
  1.39863343e+01  1.44406461e+01  1.44675325e+01  1.44869249e+01
  1.44986371e+01  1.45025542e+01  1.53449970e+01  1.54242542e+01
  2.41293427e+01  2.41804761e+01  2.42113719e+01  2.42217070e+01
  2.56396176e+01  2.65080447e+01  2.65782637e+01  2.66017584e+01
  3.05506898e+01  3.06284399e+01  3.29237491e+01  3.29645308e+01
  3.29938723e+01  3.30115629e+01  3.30174741e+01  5.14731149e+01
  5.15405057e+01  5.15629292e+01  5.16598334e+01  5.17169263e+01
  5.17518266e+01  5.17636069e+01  5.94329309e+01  6.10428978e+01
  6.11119819e+01  1.20786572e+02  1.20838186e+02  1.20855372e+02
  1.22550274e+02  1.22604019e+02  1.34085657e+02  2.42088645e+02
  2.42128225e+02  2.87360566e+02  2.87393755e+02  2.87404832e+02
  2.97935456e+02  4.21045308e+02  4.21070504e+02  4.21085634e+02
  4.21090678e+02  4.66296269e+02  4.66323699e+02  6.57691325e+02
  6.67368037e+02  6.67386831e+02  6.67393101e+02  8.82011835e+02
  8.82029601e+02  1.19474227e+03  1.19475430e+03  1.19476152e+03
  1.19476393e+03  1.44748662e+03  1.56275193e+03  1.56276095e+03
  1.56276395e+03  1.66272822e+03  1.66273875e+03  3.16790200e+03
  3.19220825e+03  3.19221352e+03  6.83103720e+03  1.43278973e+04
  2.90485464e+04  5.75133096e+04  1.14332832e+05  2.39206961e+05
  5.81055991e+05]
alpha-B1g nocc = 0
   mo_energy = [2.88427634e-01 8.38747727e-01 1.33712076e+00 1.34519400e+00
 1.87542951e+00 3.43182024e+00 3.45098360e+00 3.87269331e+00
 5.02423005e+00 5.04030848e+00 5.04842950e+00 7.18025280e+00
 7.21151556e+00 7.76165157e+00 1.14498055e+01 1.14789096e+01
 1.14935672e+01 1.39398321e+01 1.39811522e+01 1.44550118e+01
 1.44781787e+01 1.44937500e+01 1.45015743e+01 1.54038872e+01
 2.41574109e+01 2.41984788e+01 2.42191215e+01 2.65489591e+01
 2.65958803e+01 3.06084927e+01 3.29455537e+01 3.29806467e+01
 3.30041840e+01 3.30159956e+01 5.15124413e+01 5.15573263e+01
 5.16910951e+01 5.17372115e+01 5.17606538e+01 6.10937400e+01
 1.20816692e+02 1.20851076e+02 1.22590614e+02 2.42118315e+02
 2.87379918e+02 2.87402062e+02 4.21059163e+02 4.21079329e+02
 4.21089417e+02 4.66316832e+02 6.67378998e+02 6.67391533e+02
 8.82025155e+02 1.19474889e+03 1.19475851e+03 1.19476333e+03
 1.56275719e+03 1.56276320e+03 1.66273612e+03 3.19221220e+03]
alpha-B2g nocc = 0
   mo_energy = [2.88427634e-01 8.38747727e-01 1.33712076e+00 1.34519400e+00
 1.87542951e+00 3.43182024e+00 3.45098360e+00 3.87269331e+00
 5.02423005e+00 5.04030848e+00 5.04842950e+00 7.18025280e+00
 7.21151556e+00 7.76165157e+00 1.14498055e+01 1.14789096e+01
 1.14935672e+01 1.39398321e+01 1.39811522e+01 1.44550118e+01
 1.44781787e+01 1.44937500e+01 1.45015743e+01 1.54038872e+01
 2.41574109e+01 2.41984788e+01 2.42191215e+01 2.65489591e+01
 2.65958803e+01 3.06084927e+01 3.29455537e+01 3.29806467e+01
 3.30041840e+01 3.30159956e+01 5.15124413e+01 5.15573263e+01
 5.16910951e+01 5.17372115e+01 5.17606538e+01 6.10937400e+01
 1.20816692e+02 1.20851076e+02 1.22590614e+02 2.42118315e+02
 2.87379918e+02 2.87402062e+02 4.21059163e+02 4.21079329e+02
 4.21089417e+02 4.66316832e+02 6.67378998e+02 6.67391533e+02
 8.82025155e+02 1.19474889e+03 1.19475851e+03 1.19476333e+03
 1.56275719e+03 1.56276320e+03 1.66273612e+03 3.19221220e+03]
alpha-B3g nocc = 0
   mo_energy = [2.82937578e-01 8.21007996e-01 1.33022014e+00 1.34214012e+00
 1.84176143e+00 3.41533304e+00 3.44375074e+00 3.82675301e+00
 5.01329843e+00 5.03324773e+00 5.04537759e+00 7.15312338e+00
 7.19974766e+00 7.70723960e+00 1.14299561e+01 1.14661423e+01
 1.14880622e+01 1.39038295e+01 1.39656304e+01 1.44406461e+01
 1.44675325e+01 1.44869249e+01 1.44986371e+01 1.53449970e+01
 2.41293427e+01 2.41804761e+01 2.42113719e+01 2.65080447e+01
 2.65782637e+01 3.05506898e+01 3.29237491e+01 3.29645308e+01
 3.29938723e+01 3.30115629e+01 5.14731149e+01 5.15405057e+01
 5.16598334e+01 5.17169263e+01 5.17518266e+01 6.10428978e+01
 1.20786572e+02 1.20838186e+02 1.22550274e+02 2.42088645e+02
 2.87360566e+02 2.87393755e+02 4.21045308e+02 4.21070504e+02
 4.21085634e+02 4.66296269e+02 6.67368037e+02 6.67386831e+02
 8.82011835e+02 1.19474227e+03 1.19475430e+03 1.19476152e+03
 1.56275193e+03 1.56276095e+03 1.66272822e+03 3.19220825e+03]
alpha-Au nocc = 0
   mo_energy = [7.14076236e-01 1.97352624e+00 3.06118058e+00 3.07504005e+00
 4.35987709e+00 7.33712557e+00 7.36431397e+00 8.63002380e+00
 8.64979525e+00 8.66179869e+00 8.90834581e+00 1.51904451e+01
 1.52300249e+01 1.77917743e+01 1.96752478e+01 1.97081120e+01
 1.97279898e+01 3.02278572e+01 3.02749214e+01 3.55715310e+01
 4.38495324e+01 4.38917243e+01 4.39171671e+01 6.11627392e+01
 6.12088489e+01 7.20164517e+01 1.51087302e+02 1.69897129e+02
 1.69929406e+02 3.12774149e+02 4.52622313e+02 4.52640688e+02
 6.30241528e+02 8.63435843e+02 8.63449096e+02 8.63457051e+02
 1.18137376e+03 1.18138244e+03 1.25503068e+03 2.54087624e+03]
alpha-B1u nocc = 1  HOMO = -0.710714048449365  LUMO = 0.0666136256098864
   mo_energy = [-7.10714048e-01  6.66136256e-02  2.53546577e-01  7.02869832e-01
  7.07492715e-01  7.19376720e-01  1.70567736e+00  1.95569708e+00
  1.98487222e+00  3.05094364e+00  3.06923498e+00  3.07854464e+00
  3.82180517e+00  4.32831713e+00  4.37977060e+00  7.31695175e+00
  7.35294407e+00  7.37116507e+00  8.17067101e+00  8.61732263e+00
  8.64086261e+00  8.65678409e+00  8.66481661e+00  8.86558302e+00
  8.93522198e+00  1.51610034e+01  1.52134874e+01  1.52399795e+01
  1.69131527e+01  1.77431410e+01  1.78222524e+01  1.96540606e+01
  1.96932824e+01  1.97196927e+01  1.97329782e+01  3.01927557e+01
  3.02552745e+01  3.02867350e+01  3.37938196e+01  3.55233890e+01
  3.56010883e+01  4.38222491e+01  4.38727052e+01  4.39065542e+01
  4.39235429e+01  6.11282928e+01  6.11896113e+01  6.12204089e+01
  6.40219776e+01  7.19749730e+01  7.20414889e+01  1.13507743e+02
  1.51056259e+02  1.51105963e+02  1.69872958e+02  1.69915950e+02
  1.69937485e+02  1.89054180e+02  2.99776291e+02  3.12752789e+02
  3.12786994e+02  4.52608542e+02  4.52633030e+02  4.52645284e+02
  4.58913810e+02  6.30227830e+02  6.30249753e+02  6.86173962e+02
  8.63427231e+02  8.63443132e+02  8.63453737e+02  8.63459040e+02
  1.01070109e+03  1.18136724e+03  1.18137882e+03  1.18138461e+03
  1.25502264e+03  1.25503550e+03  1.47606184e+03  2.14910980e+03
  2.54087223e+03  2.54087864e+03  3.13202305e+03  4.61650568e+03
  6.97215528e+03  1.27597911e+04]
alpha-B2u nocc = 1  HOMO = -0.710714048452593  LUMO = 0.066613625609735
   mo_energy = [-7.10714048e-01  6.66136256e-02  2.53546577e-01  7.02869832e-01
  7.07492715e-01  7.19376720e-01  1.70567736e+00  1.95569708e+00
  1.98487222e+00  3.05094364e+00  3.06923498e+00  3.07854464e+00
  3.82180517e+00  4.32831713e+00  4.37977060e+00  7.31695175e+00
  7.35294407e+00  7.37116507e+00  8.17067101e+00  8.61732263e+00
  8.64086261e+00  8.65678409e+00  8.66481661e+00  8.86558302e+00
  8.93522198e+00  1.51610034e+01  1.52134874e+01  1.52399795e+01
  1.69131527e+01  1.77431410e+01  1.78222524e+01  1.96540606e+01
  1.96932824e+01  1.97196927e+01  1.97329782e+01  3.01927557e+01
  3.02552745e+01  3.02867350e+01  3.37938197e+01  3.55233890e+01
  3.56010883e+01  4.38222491e+01  4.38727052e+01  4.39065542e+01
  4.39235429e+01  6.11282928e+01  6.11896113e+01  6.12204089e+01
  6.40219777e+01  7.19749730e+01  7.20414889e+01  1.13507743e+02
  1.51056259e+02  1.51105963e+02  1.69872958e+02  1.69915950e+02
  1.69937485e+02  1.89054180e+02  2.99776291e+02  3.12752789e+02
  3.12786994e+02  4.52608542e+02  4.52633030e+02  4.52645284e+02
  4.58913809e+02  6.30227830e+02  6.30249753e+02  6.86173959e+02
  8.63427231e+02  8.63443132e+02  8.63453737e+02  8.63459040e+02
  1.01070108e+03  1.18136724e+03  1.18137882e+03  1.18138461e+03
  1.25502264e+03  1.25503550e+03  1.47606183e+03  2.14910979e+03
  2.54087223e+03  2.54087864e+03  3.13202306e+03  4.61650567e+03
  6.97215527e+03  1.27597911e+04]
alpha-B3u nocc = 1  HOMO = -0.611275211924744  LUMO = 0.0694459698115392
   mo_energy = [-6.11275212e-01  6.94459698e-02  2.63790131e-01  7.14076236e-01
  7.16798030e-01  7.30651688e-01  1.74641734e+00  1.97352624e+00
  1.98887814e+00  3.06118058e+00  3.07504005e+00  3.07971652e+00
  3.87876774e+00  4.35987709e+00  4.38667898e+00  7.33712557e+00
  7.36431397e+00  7.37345371e+00  8.23965491e+00  8.63002380e+00
  8.64979525e+00  8.66179869e+00  8.66582412e+00  8.90834581e+00
  8.94452427e+00  1.51904451e+01  1.52300249e+01  1.52433032e+01
  1.69877867e+01  1.77917743e+01  1.78327699e+01  1.96752478e+01
  1.97081120e+01  1.97279898e+01  1.97346427e+01  3.02278572e+01
  3.02749214e+01  3.02906771e+01  3.38678576e+01  3.55715310e+01
  3.56110883e+01  4.38495324e+01  4.38917243e+01  4.39171671e+01
  4.39256695e+01  6.11627392e+01  6.12088489e+01  6.12242651e+01
  6.40912865e+01  7.20164517e+01  7.20498612e+01  1.13570846e+02
  1.51087302e+02  1.51112190e+02  1.69897129e+02  1.69929406e+02
  1.69940178e+02  1.89110760e+02  2.99826089e+02  3.12774149e+02
  3.12791280e+02  4.52622313e+02  4.52640688e+02  4.52646816e+02
  4.58956582e+02  6.30241528e+02  6.30252496e+02  6.86209600e+02
  8.63435843e+02  8.63449096e+02  8.63457051e+02  8.63459703e+02
  1.01072979e+03  1.18137376e+03  1.18138244e+03  1.18138534e+03
  1.25503068e+03  1.25503711e+03  1.47608409e+03  2.14912632e+03
  2.54087624e+03  2.54087945e+03  3.13203470e+03  4.61651324e+03
  6.97215952e+03  1.27597925e+04]
beta-Ag nocc = 2  HOMO = -1.07738566777543  LUMO = 0.0926987799902605
   mo_energy = [-2.06441287e+01 -1.07738567e+00  9.26987800e-02  2.87273668e-01
  2.90902228e-01  4.85113922e-01  8.56545134e-01  8.59215986e-01
  1.33334284e+00  1.34332733e+00  1.34668081e+00  1.56926451e+00
  1.92423568e+00  1.93591234e+00  3.43306350e+00  3.45291834e+00
  3.45949540e+00  3.94052736e+00  3.94719423e+00  4.26364101e+00
  5.02021133e+00  5.03755817e+00  5.04805527e+00  5.05156952e+00
  7.19183293e+00  7.22221052e+00  7.23224089e+00  7.81925188e+00
  7.83256935e+00  1.07051931e+01  1.14503499e+01  1.14800926e+01
  1.14980511e+01  1.15040563e+01  1.39573665e+01  1.39986235e+01
  1.40123363e+01  1.44517792e+01  1.44757634e+01  1.44930301e+01
  1.45034451e+01  1.45069261e+01  1.54337665e+01  1.54672815e+01
  2.41636090e+01  2.42050090e+01  2.42299897e+01  2.42383401e+01
  2.56852513e+01  2.65635084e+01  2.66136270e+01  2.66303586e+01
  3.06134869e+01  3.06599954e+01  3.29462770e+01  3.29819217e+01
  3.30075460e+01  3.30229866e+01  3.30281445e+01  5.15194123e+01
  5.15709229e+01  5.15880876e+01  5.16978277e+01  5.17447786e+01
  5.17733221e+01  5.17829134e+01  5.94607679e+01  6.10825060e+01
  6.11321975e+01  1.20814207e+02  1.20856388e+02  1.20870435e+02
  1.22572498e+02  1.22616024e+02  1.34099697e+02  2.42100117e+02
  2.42134588e+02  2.87372413e+02  2.87401611e+02  2.87411356e+02
  2.97941928e+02  4.21054508e+02  4.21077400e+02  4.21091146e+02
  4.21095729e+02  4.66301907e+02  4.66326913e+02  6.57694099e+02
  6.67372431e+02  6.67389782e+02  6.67395569e+02  8.82014506e+02
  8.82031176e+02  1.19474470e+03  1.19475613e+03  1.19476300e+03
  1.19476529e+03  1.44748778e+03  1.56275336e+03  1.56276194e+03
  1.56276480e+03  1.66272944e+03  1.66273951e+03  3.16790249e+03
  3.19220877e+03  3.19221388e+03  6.83103741e+03  1.43278973e+04
  2.90485465e+04  5.75133096e+04  1.14332832e+05  2.39206961e+05
  5.81055991e+05]
beta-B1g nocc = 0
   mo_energy = [2.89908051e-01 8.56829519e-01 1.33915034e+00 1.34584158e+00
 1.92638406e+00 3.44465954e+00 3.45785417e+00 3.94250478e+00
 5.02972950e+00 5.04367321e+00 5.05069024e+00 7.20959982e+00
 7.22973848e+00 7.82918529e+00 1.14666795e+01 1.14905580e+01
 1.15025541e+01 1.39814540e+01 1.40089100e+01 1.44646007e+01
 1.44852460e+01 1.44991004e+01 1.45060554e+01 1.54587735e+01
 2.41863429e+01 2.42195682e+01 2.42362514e+01 2.65927302e+01
 2.66261745e+01 3.06481562e+01 3.29653393e+01 3.29959981e+01
 3.30165469e+01 3.30268545e+01 5.15494606e+01 5.15837971e+01
 5.17235652e+01 5.17613895e+01 5.17805116e+01 6.11192428e+01
 1.20838821e+02 1.20866924e+02 1.22605155e+02 2.42125956e+02
 2.87389439e+02 2.87408919e+02 4.21067096e+02 4.21085418e+02
 4.21094583e+02 4.66320653e+02 6.67382550e+02 6.67394122e+02
 8.82027004e+02 1.19475099e+03 1.19476014e+03 1.19476472e+03
 1.56275836e+03 1.56276408e+03 1.66273699e+03 3.19221260e+03]
beta-B2g nocc = 0
   mo_energy = [2.89908051e-01 8.56829519e-01 1.33915034e+00 1.34584158e+00
 1.92638406e+00 3.44465954e+00 3.45785417e+00 3.94250478e+00
 5.02972950e+00 5.04367321e+00 5.05069024e+00 7.20959982e+00
 7.22973848e+00 7.82918529e+00 1.14666795e+01 1.14905580e+01
 1.15025541e+01 1.39814540e+01 1.40089100e+01 1.44646007e+01
 1.44852460e+01 1.44991004e+01 1.45060554e+01 1.54587735e+01
 2.41863429e+01 2.42195682e+01 2.42362514e+01 2.65927302e+01
 2.66261745e+01 3.06481562e+01 3.29653393e+01 3.29959981e+01
 3.30165469e+01 3.30268545e+01 5.15494606e+01 5.15837971e+01
 5.17235652e+01 5.17613895e+01 5.17805116e+01 6.11192428e+01
 1.20838821e+02 1.20866924e+02 1.22605155e+02 2.42125956e+02
 2.87389439e+02 2.87408919e+02 4.21067096e+02 4.21085418e+02
 4.21094583e+02 4.66320653e+02 6.67382550e+02 6.67394122e+02
 8.82027004e+02 1.19475099e+03 1.19476014e+03 1.19476472e+03
 1.56275836e+03 1.56276408e+03 1.66273699e+03 3.19221260e+03]
beta-B3g nocc = 0
   mo_energy = [2.87273668e-01 8.59215986e-01 1.33334284e+00 1.34332733e+00
 1.93591234e+00 3.43306350e+00 3.45291834e+00 3.94719423e+00
 5.02021133e+00 5.03755817e+00 5.04805527e+00 7.19183293e+00
 7.22221052e+00 7.81925188e+00 1.14503499e+01 1.14800926e+01
 1.14980511e+01 1.39573665e+01 1.39986235e+01 1.44517792e+01
 1.44757634e+01 1.44930301e+01 1.45034451e+01 1.54337665e+01
 2.41636090e+01 2.42050090e+01 2.42299897e+01 2.65635084e+01
 2.66136270e+01 3.06134869e+01 3.29462770e+01 3.29819217e+01
 3.30075460e+01 3.30229866e+01 5.15194123e+01 5.15709229e+01
 5.16978277e+01 5.17447786e+01 5.17733221e+01 6.10825060e+01
 1.20814207e+02 1.20856388e+02 1.22572498e+02 2.42100117e+02
 2.87372413e+02 2.87401611e+02 4.21054508e+02 4.21077400e+02
 4.21091146e+02 4.66301907e+02 6.67372431e+02 6.67389782e+02
 8.82014506e+02 1.19474470e+03 1.19475613e+03 1.19476300e+03
 1.56275336e+03 1.56276194e+03 1.66272944e+03 3.19220877e+03]
beta-Au nocc = 0
   mo_energy = [7.15943013e-01 1.98938243e+00 3.06596715e+00 3.07754916e+00
 4.40015288e+00 7.35481576e+00 7.37558790e+00 8.63754469e+00
 8.65492689e+00 8.66544646e+00 8.96503101e+00 1.52219509e+01
 1.52516441e+01 1.78479116e+01 1.96939323e+01 1.97218840e+01
 1.97387633e+01 3.02654272e+01 3.03017549e+01 3.56155325e+01
 4.38771802e+01 4.39129410e+01 4.39344940e+01 6.11959929e+01
 6.12331254e+01 7.20450404e+01 1.51102752e+02 1.69915186e+02
 1.69942758e+02 3.12781521e+02 4.52628758e+02 4.52645480e+02
 6.30244843e+02 8.63439307e+02 8.63451842e+02 8.63459366e+02
 1.18137565e+03 1.18138387e+03 1.25503210e+03 2.54087681e+03]
beta-B1u nocc = 0
   mo_energy = [4.76437968e-02 1.09671135e-01 3.10413461e-01 7.10986135e-01
 7.18746834e-01 7.87057820e-01 1.80465275e+00 1.98053636e+00
 1.99489650e+00 3.05734839e+00 3.07271066e+00 3.08046101e+00
 3.92024834e+00 4.38695148e+00 4.40825150e+00 7.33930431e+00
 7.36692037e+00 7.38079693e+00 8.25631955e+00 8.62634378e+00
 8.64708200e+00 8.66105491e+00 8.66808721e+00 8.94503748e+00
 8.97738368e+00 1.51997817e+01 1.52392532e+01 1.52590914e+01
 1.69797984e+01 1.78202029e+01 1.78651031e+01 1.96758831e+01
 1.97092780e+01 1.97317203e+01 1.97429960e+01 3.02382943e+01
 3.02865974e+01 3.03108637e+01 3.38403321e+01 3.55830477e+01
 3.56354013e+01 4.38540430e+01 4.38968238e+01 4.39255048e+01
 4.39398936e+01 6.11682406e+01 6.12176355e+01 6.12424317e+01
 6.40522357e+01 7.20134252e+01 7.20641146e+01 1.13527096e+02
 1.51076910e+02 1.51118287e+02 1.69894538e+02 1.69931264e+02
 1.69949659e+02 1.89066679e+02 2.99784481e+02 3.12762573e+02
 3.12792914e+02 4.52616226e+02 4.52638511e+02 4.52649662e+02
 4.58919211e+02 6.30232186e+02 6.30252442e+02 6.86177514e+02
 8.63431162e+02 8.63446201e+02 8.63456231e+02 8.63461247e+02
 1.01070340e+03 1.18136949e+03 1.18138045e+03 1.18138593e+03
 1.25502448e+03 1.25503668e+03 1.47606332e+03 2.14911072e+03
 2.54087295e+03 2.54087913e+03 3.13202362e+03 4.61650601e+03
 6.97215547e+03 1.27597911e+04]
beta-B2u nocc = 0
   mo_energy = [4.76437968e-02 1.09671135e-01 3.10413461e-01 7.10986135e-01
 7.18746834e-01 7.87057820e-01 1.80465275e+00 1.98053636e+00
 1.99489650e+00 3.05734839e+00 3.07271066e+00 3.08046101e+00
 3.92024834e+00 4.38695148e+00 4.40825150e+00 7.33930431e+00
 7.36692037e+00 7.38079693e+00 8.25631955e+00 8.62634378e+00
 8.64708200e+00 8.66105491e+00 8.66808721e+00 8.94503748e+00
 8.97738368e+00 1.51997817e+01 1.52392532e+01 1.52590914e+01
 1.69797984e+01 1.78202029e+01 1.78651031e+01 1.96758831e+01
 1.97092780e+01 1.97317203e+01 1.97429960e+01 3.02382943e+01
 3.02865974e+01 3.03108637e+01 3.38403322e+01 3.55830477e+01
 3.56354013e+01 4.38540430e+01 4.38968238e+01 4.39255048e+01
 4.39398936e+01 6.11682406e+01 6.12176355e+01 6.12424317e+01
 6.40522359e+01 7.20134252e+01 7.20641146e+01 1.13527096e+02
 1.51076910e+02 1.51118287e+02 1.69894538e+02 1.69931264e+02
 1.69949659e+02 1.89066680e+02 2.99784482e+02 3.12762573e+02
 3.12792914e+02 4.52616226e+02 4.52638511e+02 4.52649662e+02
 4.58919211e+02 6.30232186e+02 6.30252442e+02 6.86177511e+02
 8.63431162e+02 8.63446201e+02 8.63456231e+02 8.63461247e+02
 1.01070339e+03 1.18136949e+03 1.18138045e+03 1.18138593e+03
 1.25502448e+03 1.25503668e+03 1.47606331e+03 2.14911071e+03
 2.54087295e+03 2.54087913e+03 3.13202362e+03 4.61650600e+03
 6.97215546e+03 1.27597911e+04]
beta-B3u nocc = 1  HOMO = -0.521354098163363  LUMO = 0.070187495327874
   mo_energy = [-5.21354098e-01  7.01874953e-02  2.68828214e-01  7.15943013e-01
  7.19271599e-01  7.42222846e-01  1.76907858e+00  1.98938243e+00
  1.99666870e+00  3.06596715e+00  3.07754916e+00  3.08143309e+00
  3.90677130e+00  4.40015288e+00  4.41096111e+00  7.35481576e+00
  7.37558790e+00  7.38253469e+00  8.26881597e+00  8.63754469e+00
  8.65492689e+00  8.66544646e+00  8.66896843e+00  8.96503101e+00
  8.98156988e+00  1.52219509e+01  1.52516441e+01  1.52615760e+01
  1.70138789e+01  1.78479116e+01  1.78709593e+01  1.96939323e+01
  1.97218840e+01  1.97387633e+01  1.97444080e+01  3.02654272e+01
  3.03017549e+01  3.03139023e+01  3.38877129e+01  3.56155325e+01
  3.56421008e+01  4.38771802e+01  4.39129410e+01  4.39344940e+01
  4.39416945e+01  6.11959929e+01  6.12331254e+01  6.12455359e+01
  6.41050374e+01  7.20450404e+01  7.20704911e+01  1.13580111e+02
  1.51102752e+02  1.51123470e+02  1.69915186e+02  1.69942758e+02
  1.69951960e+02  1.89116979e+02  2.99830287e+02  3.12781521e+02
  3.12796716e+02  4.52628758e+02  4.52645480e+02  4.52651057e+02
  4.58959413e+02  6.30244843e+02  6.30254976e+02  6.86211500e+02
  8.63439307e+02  8.63451842e+02  8.63459366e+02  8.63461874e+02
  1.01073105e+03  1.18137565e+03  1.18138387e+03  1.18138661e+03
  1.25503210e+03  1.25503820e+03  1.47608491e+03  2.14912686e+03
  2.54087681e+03  2.54087991e+03  3.13203504e+03  4.61651345e+03
  6.97215965e+03  1.27597926e+04]
multiplicity <S^2> = 2.0093505  2S+1 = 3.0062272
E1 = -103.32454873736455  Ecoul = 28.453187308562057


Extra cycle  E= -74.8713614288025  delta_E= -7.11e-14  |g|= 1.73e-09  |ddm|= 9.04e-11
    CPU time for scf_cycle   2881.53 sec, wall time    737.36 sec
    CPU time for SCF   2881.65 sec, wall time    737.41 sec
converged SCF energy = -74.8713614288025  <S^2> = 2.0093505  2S+1 = 3.0062272
irreps of each MO ['Ag' 'Ag' 'B1u' 'B2u' 'B3u' 'B1u' 'B2u' 'B3u' 'Ag' 'B1u' 'B2u' 'B3u' 'Ag'
 'B3g' 'B1g' 'B2g' 'Ag' 'Ag' 'B1u' 'B2u' 'B1u' 'B2u' 'Au' 'B3u' 'B3u'
 'B1u' 'B2u' 'B3u' 'Ag' 'B3g' 'B1g' 'B2g' 'Ag' 'Ag' 'B3g' 'B1g' 'B2g' 'Ag'
 'B3g' 'B1g' 'B2g' 'Ag' 'Ag' 'B1u' 'B2u' 'B3u' 'Ag' 'B3g' 'B1g' 'B2g' 'Ag'
 'B1u' 'B2u' 'Au' 'B3u' 'B1u' 'B2u' 'B3u' 'B1u' 'B2u' 'Au' 'B3u' 'B1u'
 'B2u' 'Au' 'B3u' 'B1u' 'B2u' 'B3u' 'Ag' 'B3g' 'B1g' 'B2g' 'Ag' 'B3g'
 'B1g' 'B2g' 'Ag' 'B1u' 'B2u' 'Ag' 'B3g' 'B1g' 'B2g' 'B3u' 'Ag' 'Ag' 'B1u'
 'B2u' 'Au' 'B3u' 'B1u' 'B2u' 'B3u' 'Ag' 'B3g' 'B1g' 'B2g' 'Ag' 'B3g'
 'B1g' 'B2g' 'Ag' 'B3g' 'B1g' 'B2g' 'Ag' 'Ag' 'B3g' 'B1g' 'B2g' 'Ag' 'B3g'
 'B1g' 'B2g' 'Ag' 'B1u' 'B2u' 'Au' 'B3u' 'B1u' 'B2u' 'Au' 'B3u' 'B1u'
 'B2u' 'B3u' 'Ag' 'B3g' 'B1g' 'B2g' 'Ag' 'B1u' 'B2u' 'B3u' 'B1u' 'B2u'
 'Au' 'B3u' 'B1u' 'B2u' 'Au' 'B3u' 'B1u' 'B2u' 'Au' 'B3u' 'B1u' 'B2u'
 'B3u' 'B1u' 'B2u' 'Au' 'B3u' 'B1u' 'B2u' 'B3u' 'Ag' 'Ag' 'B3g' 'B1g'
 'B2g' 'Ag' 'B3g' 'B1g' 'B2g' 'Ag' 'B3g' 'B1g' 'B2g' 'Ag' 'Ag' 'B3g' 'B1g'
 'B2g' 'Ag' 'B3g' 'B1g' 'B2g' 'Ag' 'Ag' 'B3g' 'B1g' 'B2g' 'Ag' 'B3g' 'B1g'
 'B2g' 'Ag' 'B3g' 'B1g' 'B2g' 'Ag' 'B3g' 'B1g' 'B2g' 'Ag' 'B1u' 'B2u' 'Au'
 'B3u' 'B1u' 'B2u' 'Au' 'B3u' 'B1u' 'B2u' 'B3u' 'Ag' 'B3g' 'B1g' 'B2g'
 'Ag' 'B2u' 'B1u' 'B3u' 'B1u' 'B2u' 'Au' 'B3u' 'B1u' 'B2u' 'B3u' 'B1u'
 'B2u' 'Au' 'B3u' 'B1u' 'B2u' 'Au' 'B3u' 'B1u' 'B2u' 'Au' 'B3u' 'B1u'
 'B2u' 'B3u' 'Ag' 'B3g' 'B1g' 'B2g' 'Ag' 'B3g' 'B1g' 'B2g' 'Ag' 'B3g'
 'B1g' 'B2g' 'Ag' 'Ag' 'Ag' 'B3g' 'B1g' 'B2g' 'Ag' 'B3g' 'B1g' 'B2g' 'Ag'
 'B1u' 'B2u' 'Au' 'B3u' 'B1u' 'B2u' 'Au' 'B3u' 'B1u' 'B2u' 'B3u' 'Ag'
 'B3g' 'B1g' 'B2g' 'Ag' 'Ag' 'B3g' 'B1g' 'B2g' 'Ag' 'B3g' 'B1g' 'B2g' 'Ag'
 'B3g' 'B1g' 'B2g' 'Ag' 'B3g' 'B1g' 'B2g' 'Ag' 'B2u' 'B1u' 'B3u' 'B1u'
 'B2u' 'Au' 'B3u' 'B1u' 'B2u' 'B3u' 'B2u' 'B1u' 'Au' 'B3u' 'B1u' 'B2u'
 'Au' 'B3u' 'B1u' 'B2u' 'B3u' 'Au' 'B1u' 'B2u' 'B3u' 'Ag' 'B3g' 'B1g'
 'B2g' 'Ag' 'B3g' 'B1g' 'B2g' 'Ag' 'Ag' 'B3g' 'B1g' 'B2g' 'Ag' 'B3g' 'B1g'
 'B2g' 'Ag' 'B3g' 'B1g' 'B2g' 'Ag' 'Ag' 'Ag' 'B3g' 'B1g' 'B2g' 'Ag' 'B1u'
 'B2u' 'Au' 'B3u' 'B1u' 'B2u' 'Au' 'B3u' 'B1u' 'B2u' 'B3u' 'B2u' 'B1u'
 'B3u' 'B1u' 'B2u' 'Au' 'B3u' 'B1u' 'B2u' 'B3u' 'B2u' 'B1u' 'B3u' 'Ag'
 'B3g' 'B1g' 'B2g' 'Ag' 'B3g' 'B1g' 'B2g' 'Ag' 'Ag' 'B3g' 'B1g' 'B2g' 'Ag'
 'Ag' 'B1u' 'B2u' 'Au' 'B3u' 'B1u' 'B2u' 'B3u' 'B1u' 'B2u' 'Au' 'B3u'
 'B1u' 'B2u' 'Au' 'B3u' 'B1u' 'B2u' 'B3u' 'B2u' 'B1u' 'B3u' 'Ag' 'B3g'
 'B1g' 'B2g' 'Ag' 'Ag' 'B3g' 'B1g' 'B2g' 'Ag' 'B3g' 'B1g' 'B2g' 'Ag' 'Ag'
 'B2u' 'B1u' 'B3u' 'B1u' 'B2u' 'Au' 'B3u' 'B1u' 'B2u' 'B3u' 'Ag' 'B3g'
 'B1g' 'B2g' 'Ag' 'B3g' 'B1g' 'B2g' 'Ag' 'B3g' 'B1g' 'B2g' 'Ag' 'B1u'
 'B2u' 'Au' 'B3u' 'B1u' 'B2u' 'Au' 'B3u' 'B1u' 'B2u' 'B3u' 'B2u' 'B1u'
 'B3u' 'Ag' 'B3g' 'B1g' 'B2g' 'Ag' 'B1u' 'B2u' 'Au' 'B3u' 'B1u' 'B2u'
 'B3u' 'Ag' 'Ag' 'B3g' 'B1g' 'B2g' 'Ag' 'B3g' 'B1g' 'B2g' 'Ag' 'B2u' 'B1u'
 'B3u' 'B1u' 'B2u' 'Au' 'B3u' 'B1u' 'B2u' 'Au' 'B3u' 'B1u' 'B2u' 'Au'
 'B3u' 'B1u' 'B2u' 'B3u' 'Ag' 'B3g' 'B1g' 'B2g' 'Ag' 'B2u' 'B1u' 'B3u'
 'B1u' 'B2u' 'Au' 'B3u' 'B1u' 'B2u' 'Au' 'B3u' 'B1u' 'B2u' 'B3u' 'Ag'
 'B3g' 'B1g' 'B2g' 'Ag' 'B3g' 'B1g' 'B2g' 'Ag' 'B3g' 'B1g' 'B2g' 'Ag'
 'B1u' 'B2u' 'Au' 'B3u' 'B1u' 'B2u' 'B3u' 'Ag' 'B2u' 'B1u' 'B3u' 'Ag'
 'B3g' 'B1g' 'B2g' 'Ag' 'B3g' 'B1g' 'B2g' 'Ag' 'Ag' 'B3g' 'B1g' 'B2g' 'Ag'
 'B2u' 'B1u' 'B3u' 'B1u' 'B2u' 'Au' 'B3u' 'B1u' 'B2u' 'B3u' 'B1u' 'B2u'
 'B3u' 'Ag' 'Ag' 'B3g' 'B1g' 'B2g' 'Ag' 'B2u' 'B1u' 'B3u' 'Ag' 'B2u' 'B1u'
 'B3u' 'B1u' 'B2u' 'B3u' 'Ag' 'Ag' 'Ag' 'Ag' 'Ag' 'Ag']
irreps of each MO ['Ag' 'Ag' 'B3u' 'B1u' 'B2u' 'B3u' 'Ag' 'B1u' 'B2u' 'B3u' 'Ag' 'B3g' 'B1g'
 'B2g' 'Ag' 'B1u' 'B2u' 'Ag' 'B1u' 'B2u' 'Au' 'B3u' 'B1u' 'B2u' 'B3u'
 'B3u' 'B1u' 'B2u' 'Ag' 'B1g' 'B2g' 'Ag' 'B3g' 'Ag' 'B3g' 'B1g' 'B2g' 'Ag'
 'B3g' 'B1g' 'B2g' 'Ag' 'Ag' 'B3u' 'B1u' 'B2u' 'Ag' 'B1g' 'B2g' 'Ag' 'B3g'
 'B1u' 'B2u' 'Au' 'B3u' 'B1u' 'B2u' 'B3u' 'B1u' 'B2u' 'Au' 'B3u' 'B1u'
 'B2u' 'Au' 'B3u' 'B1u' 'B2u' 'B3u' 'Ag' 'B3g' 'B1g' 'B2g' 'Ag' 'B3g'
 'B1g' 'B2g' 'Ag' 'B3u' 'B1u' 'B2u' 'Ag' 'B1g' 'B2g' 'Ag' 'B3g' 'Ag' 'B1u'
 'B2u' 'Au' 'B3u' 'B1u' 'B2u' 'B3u' 'Ag' 'B3g' 'B1g' 'B2g' 'Ag' 'B3g'
 'B1g' 'B2g' 'Ag' 'B3g' 'B1g' 'B2g' 'Ag' 'Ag' 'B3g' 'B1g' 'B2g' 'Ag' 'B3g'
 'B1g' 'B2g' 'Ag' 'B1u' 'B2u' 'Au' 'B3u' 'B1u' 'B2u' 'Au' 'B3u' 'B1u'
 'B2u' 'B3u' 'Ag' 'B3g' 'B1g' 'B2g' 'Ag' 'B1u' 'B2u' 'B3u' 'B1u' 'B2u'
 'Au' 'B3u' 'B1u' 'B2u' 'Au' 'B3u' 'B1u' 'B2u' 'Au' 'B3u' 'B1u' 'B2u'
 'B3u' 'B1u' 'B2u' 'Au' 'B3u' 'B1u' 'B2u' 'B3u' 'Ag' 'Ag' 'B3g' 'B1g'
 'B2g' 'Ag' 'B3g' 'B1g' 'B2g' 'Ag' 'B3g' 'B1g' 'B2g' 'Ag' 'Ag' 'B3g' 'B1g'
 'B2g' 'Ag' 'B3g' 'B1g' 'B2g' 'Ag' 'Ag' 'B3g' 'B1g' 'B2g' 'Ag' 'B3g' 'B1g'
 'B2g' 'Ag' 'B3g' 'B1g' 'B2g' 'Ag' 'B3g' 'B1g' 'B2g' 'Ag' 'B1u' 'B2u' 'Au'
 'B3u' 'B1u' 'B2u' 'Au' 'B3u' 'B1u' 'B2u' 'B3u' 'Ag' 'B3g' 'B1g' 'B2g'
 'Ag' 'B1u' 'B2u' 'B3u' 'B1u' 'B2u' 'Au' 'B3u' 'B1u' 'B2u' 'B3u' 'B1u'
 'B2u' 'Au' 'B3u' 'B1u' 'B2u' 'Au' 'B3u' 'B1u' 'B2u' 'Au' 'B3u' 'B1u'
 'B2u' 'B3u' 'Ag' 'B3g' 'B1g' 'B2g' 'Ag' 'B3g' 'B1g' 'B2g' 'Ag' 'B3g'
 'B1g' 'B2g' 'Ag' 'Ag' 'Ag' 'B3g' 'B1g' 'B2g' 'Ag' 'B3g' 'B1g' 'B2g' 'Ag'
 'B1u' 'B2u' 'Au' 'B3u' 'B1u' 'B2u' 'Au' 'B3u' 'B1u' 'B2u' 'B3u' 'Ag'
 'B3g' 'B1g' 'B2g' 'Ag' 'Ag' 'B3g' 'B1g' 'B2g' 'Ag' 'B3g' 'B1g' 'B2g' 'Ag'
 'B3g' 'B1g' 'B2g' 'Ag' 'B3g' 'B1g' 'B2g' 'Ag' 'B1u' 'B2u' 'B3u' 'B1u'
 'B2u' 'Au' 'B3u' 'B1u' 'B2u' 'B3u' 'B1u' 'B2u' 'Au' 'B3u' 'B1u' 'B2u'
 'Au' 'B3u' 'B1u' 'B2u' 'Au' 'B3u' 'B1u' 'B2u' 'B3u' 'Ag' 'B3g' 'B1g'
 'B2g' 'Ag' 'B3g' 'B1g' 'B2g' 'Ag' 'Ag' 'B3g' 'B1g' 'B2g' 'Ag' 'B3g' 'B1g'
 'B2g' 'Ag' 'B3g' 'B1g' 'B2g' 'Ag' 'Ag' 'Ag' 'B3g' 'B1g' 'B2g' 'Ag' 'B1u'
 'B2u' 'Au' 'B3u' 'B1u' 'B2u' 'Au' 'B3u' 'B1u' 'B2u' 'B3u' 'B1u' 'B2u'
 'B3u' 'B1u' 'B2u' 'Au' 'B3u' 'B1u' 'B2u' 'B3u' 'B1u' 'B2u' 'B3u' 'Ag'
 'B3g' 'B1g' 'B2g' 'Ag' 'B3g' 'B1g' 'B2g' 'Ag' 'Ag' 'B3g' 'B1g' 'B2g' 'Ag'
 'Ag' 'B1u' 'B2u' 'Au' 'B3u' 'B1u' 'B2u' 'B3u' 'B1u' 'B2u' 'Au' 'B3u'
 'B1u' 'B2u' 'Au' 'B3u' 'B1u' 'B2u' 'B3u' 'B1u' 'B2u' 'B3u' 'Ag' 'B3g'
 'B1g' 'B2g' 'Ag' 'Ag' 'B3g' 'B1g' 'B2g' 'Ag' 'B3g' 'B1g' 'B2g' 'Ag' 'Ag'
 'B1u' 'B2u' 'B3u' 'B1u' 'B2u' 'Au' 'B3u' 'B1u' 'B2u' 'B3u' 'Ag' 'B3g'
 'B1g' 'B2g' 'Ag' 'B3g' 'B1g' 'B2g' 'Ag' 'B3g' 'B1g' 'B2g' 'Ag' 'B1u'
 'B2u' 'Au' 'B3u' 'B1u' 'B2u' 'Au' 'B3u' 'B1u' 'B2u' 'B3u' 'B1u' 'B2u'
 'B3u' 'Ag' 'B3g' 'B1g' 'B2g' 'Ag' 'B1u' 'B2u' 'Au' 'B3u' 'B1u' 'B2u'
 'B3u' 'Ag' 'Ag' 'B3g' 'B1g' 'B2g' 'Ag' 'B3g' 'B1g' 'B2g' 'Ag' 'B2u' 'B1u'
 'B3u' 'B1u' 'B2u' 'Au' 'B3u' 'B1u' 'B2u' 'Au' 'B3u' 'B1u' 'B2u' 'Au'
 'B3u' 'B1u' 'B2u' 'B3u' 'Ag' 'B3g' 'B1g' 'B2g' 'Ag' 'B2u' 'B1u' 'B3u'
 'B1u' 'B2u' 'Au' 'B3u' 'B1u' 'B2u' 'Au' 'B3u' 'B1u' 'B2u' 'B3u' 'Ag'
 'B3g' 'B1g' 'B2g' 'Ag' 'B3g' 'B1g' 'B2g' 'Ag' 'B3g' 'B1g' 'B2g' 'Ag'
 'B1u' 'B2u' 'Au' 'B3u' 'B1u' 'B2u' 'B3u' 'Ag' 'B2u' 'B1u' 'B3u' 'Ag'
 'B3g' 'B1g' 'B2g' 'Ag' 'B3g' 'B1g' 'B2g' 'Ag' 'Ag' 'B3g' 'B1g' 'B2g' 'Ag'
 'B2u' 'B1u' 'B3u' 'B1u' 'B2u' 'Au' 'B3u' 'B1u' 'B2u' 'B3u' 'B1u' 'B2u'
 'B3u' 'Ag' 'Ag' 'B3g' 'B2g' 'B1g' 'Ag' 'B2u' 'B1u' 'B3u' 'Ag' 'B2u' 'B1u'
 'B3u' 'B1u' 'B2u' 'B3u' 'Ag' 'Ag' 'Ag' 'Ag' 'Ag' 'Ag']
irreps of each MO ['Ag' 'Ag' 'B3u' 'B2u' 'B1u' 'B2u' 'B1u' 'B3u' 'Ag' 'B1u' 'B2u' 'B3u'
 'B3g' 'Ag' 'B1g' 'B2g' 'Ag' 'Ag' 'B2u' 'B1u' 'B1u' 'B2u' 'B3u' 'Au' 'B3u'
 'B2u' 'B1u' 'B3u' 'B3g' 'Ag' 'B1g' 'B2g' 'Ag' 'Ag' 'B3g' 'B2g' 'B1g'
 'B3g' 'Ag' 'B2g' 'B1g' 'Ag' 'Ag' 'B2u' 'B1u' 'B3u' 'Ag' 'B3g' 'B2g' 'B1g'
 'Ag' 'B1u' 'B2u' 'B3u' 'Au' 'B1u' 'B2u' 'B3u' 'B1u' 'B2u' 'Au' 'B3u'
 'B1u' 'B2u' 'B3u' 'Au' 'B1u' 'B2u' 'B3u' 'B3g' 'Ag' 'B2g' 'B1g' 'B3g'
 'Ag' 'B2g' 'B1g' 'Ag' 'B2u' 'B1u' 'Ag' 'B3g' 'B1g' 'B2g' 'B3u' 'Ag' 'Ag'
 'B1u' 'B2u' 'B3u' 'Au' 'B1u' 'B2u' 'B3u' 'Ag' 'B3g' 'B1g' 'B2g' 'Ag'
 'B3g' 'B2g' 'B1g' 'Ag' 'B3g' 'B2g' 'B1g' 'Ag' 'Ag' 'B3g' 'B2g' 'B1g' 'Ag'
 'B3g' 'B1g' 'B2g' 'Ag' 'B1u' 'B2u' 'B3u' 'Au' 'B1u' 'B2u' 'Au' 'B3u'
 'B2u' 'B1u' 'B3u' 'B3g' 'Ag' 'B1g' 'B2g' 'Ag' 'B2u' 'B1u' 'B3u' 'B1u'
 'B2u' 'Au' 'B3u' 'B1u' 'B2u' 'Au' 'B3u' 'B1u' 'B2u' 'Au' 'B3u' 'B2u'
 'B1u' 'B3u' 'B1u' 'B2u' 'B3u' 'Au' 'B2u' 'B1u' 'B3u' 'Ag' 'Ag' 'B3g'
 'B1g' 'B2g' 'B3g' 'Ag' 'B1g' 'B2g' 'Ag' 'B3g' 'B2g' 'B1g' 'Ag' 'B3g' 'Ag'
 'B1g' 'B2g' 'Ag' 'B3g' 'B1g' 'B2g' 'Ag' 'B3g' 'Ag' 'B2g' 'B1g' 'B3g' 'Ag'
 'B1g' 'B2g' 'B3g' 'Ag' 'B1g' 'B2g' 'B3g' 'Ag' 'B2g' 'B1g' 'Ag' 'B1u'
 'B2u' 'B3u' 'Au' 'B2u' 'B1u' 'B3u' 'Au' 'B1u' 'B2u' 'B3u' 'B3g' 'Ag'
 'B1g' 'B2g' 'Ag' 'B2u' 'B1u' 'B3u' 'B1u' 'B2u' 'Au' 'B3u' 'B1u' 'B2u'
 'B3u' 'B2u' 'B1u' 'B3u' 'Au' 'B1u' 'B2u' 'B3u' 'Au' 'B2u' 'B1u' 'B3u'
 'Au' 'B2u' 'B1u' 'B3u' 'Ag' 'B3g' 'B2g' 'B1g' 'Ag' 'B3g' 'B2g' 'B1g'
 'B3g' 'Ag' 'B2g' 'B1g' 'Ag' 'Ag' 'Ag' 'B3g' 'B2g' 'B1g' 'Ag' 'B3g' 'B1g'
 'B2g' 'Ag' 'B1u' 'B2u' 'Au' 'B3u' 'B1u' 'B2u' 'B3u' 'Au' 'B2u' 'B1u'
 'B3u' 'B3g' 'Ag' 'B2g' 'B1g' 'Ag' 'Ag' 'B3g' 'B1g' 'B2g' 'B3g' 'Ag' 'B1g'
 'B2g' 'Ag' 'B3g' 'B1g' 'B2g' 'B3g' 'Ag' 'B1g' 'B2g' 'Ag' 'B2u' 'B1u'
 'B3u' 'B1u' 'B2u' 'Au' 'B3u' 'B2u' 'B1u' 'B3u' 'B2u' 'B1u' 'Au' 'B3u'
 'B2u' 'B1u' 'Au' 'B3u' 'B2u' 'B1u' 'B3u' 'Au' 'B1u' 'B2u' 'B3u' 'Ag'
 'B3g' 'B2g' 'B1g' 'B3g' 'Ag' 'B2g' 'B1g' 'Ag' 'B3g' 'Ag' 'B1g' 'B2g'
 'B3g' 'Ag' 'B1g' 'B2g' 'Ag' 'B3g' 'B2g' 'B1g' 'Ag' 'Ag' 'B3g' 'Ag' 'B2g'
 'B1g' 'Ag' 'B2u' 'B1u' 'B3u' 'Au' 'B1u' 'B2u' 'Au' 'B3u' 'B1u' 'B2u'
 'B3u' 'B2u' 'B1u' 'B3u' 'B1u' 'B2u' 'B3u' 'Au' 'B1u' 'B2u' 'B3u' 'B2u'
 'B1u' 'B3u' 'Ag' 'B3g' 'B2g' 'B1g' 'B3g' 'Ag' 'B2g' 'B1g' 'Ag' 'Ag' 'B3g'
 'B1g' 'B2g' 'Ag' 'Ag' 'B2u' 'B1u' 'Au' 'B3u' 'B2u' 'B1u' 'B3u' 'B1u'
 'B2u' 'Au' 'B3u' 'B1u' 'B2u' 'B3u' 'Au' 'B2u' 'B1u' 'B3u' 'B2u' 'B1u'
 'B3u' 'Ag' 'B3g' 'B1g' 'B2g' 'Ag' 'B3g' 'Ag' 'B1g' 'B2g' 'B3g' 'Ag' 'B2g'
 'B1g' 'Ag' 'Ag' 'B2u' 'B1u' 'B3u' 'B1u' 'B2u' 'B3u' 'Au' 'B1u' 'B2u'
 'B3u' 'Ag' 'B3g' 'B2g' 'B1g' 'Ag' 'B3g' 'B2g' 'B1g' 'Ag' 'B3g' 'B2g'
 'B1g' 'Ag' 'B1u' 'B2u' 'B3u' 'Au' 'B1u' 'B2u' 'B3u' 'Au' 'B2u' 'B1u'
 'B3u' 'B2u' 'B1u' 'B3u' 'Ag' 'B3g' 'B2g' 'B1g' 'Ag' 'B2u' 'B1u' 'B3u'
 'Au' 'B2u' 'B1u' 'B3u' 'Ag' 'B3g' 'Ag' 'B1g' 'B2g' 'Ag' 'B3g' 'B2g' 'B1g'
 'Ag' 'B2u' 'B1u' 'B3u' 'B2u' 'B1u' 'B3u' 'Au' 'B2u' 'B1u' 'Au' 'B3u'
 'B2u' 'B1u' 'Au' 'B3u' 'B1u' 'B2u' 'B3u' 'Ag' 'B3g' 'B2g' 'B1g' 'Ag'
 'B2u' 'B1u' 'B3u' 'B1u' 'B2u' 'B3u' 'Au' 'B1u' 'B2u' 'B3u' 'Au' 'B1u'
 'B2u' 'B3u' 'Ag' 'B3g' 'B1g' 'B2g' 'Ag' 'B3g' 'B1g' 'B2g' 'Ag' 'B3g'
 'B2g' 'B1g' 'Ag' 'B2u' 'B1u' 'B3u' 'Au' 'B2u' 'B1u' 'B3u' 'Ag' 'B2u'
 'B1u' 'B3u' 'B3g' 'Ag' 'B2g' 'B1g' 'B3g' 'Ag' 'B2g' 'B1g' 'Ag' 'Ag' 'B3g'
 'B1g' 'B2g' 'Ag' 'B2u' 'B1u' 'B3u' 'B2u' 'B1u' 'B3u' 'Au' 'B2u' 'B1u'
 'B3u' 'B1u' 'B2u' 'B3u' 'Ag' 'Ag' 'B3g' 'B2g' 'B1g' 'Ag' 'B2u' 'B1u'
 'B3u' 'Ag' 'B2u' 'B1u' 'B3u' 'B1u' 'B2u' 'B3u' 'Ag' 'Ag' 'Ag' 'Ag' 'Ag'
 'Ag']
