#INFO: **** input file is /lustre09/project/6004934/jaafar1/PySCF-MRCC/Oxygen/NewChapter-Neutral/AE/aCV8Z-FELLER-U/NR/UHF/input.py ****
import pyscf
from pyscf import cc, lib, tools, scf, symm, ao2mo
from pyscf.gto.basis import parse_gaussian
from pyscf.cc.mrcc import MRCCInterface
from pyscf.scf import atom_hf, hf

name = 'out'
mol = pyscf.M(
    atom = '''
        O
    ''',
    unit = 'angstrom',
    basis = {
            'O' : parse_gaussian.load('O-aCV8Z-FELLER-U.gbs', 'O')
    },
    charge = 0,
    spin = 2,
    symmetry = True,
    verbose = 9,
    symmetry_subgroup = 'D2h',
    output = name +'.txt',
    max_memory = 2500000,
)

mf = mol.UHF().set(
    conv_tol=1e-11,
    max_cycle=9999,
    ddm_tol=1e-10,
    direct_scf=False,
    chkfile='/home/jaafar1/links/projects/rrg-tzeng/jaafar1/PySCF-MRCC/Oxygen/NewChapter-Neutral/AE/aCV8Z-FELLER-U/NR/UHF/chkfiles/out.chk',
    init_guess='chk',
    irrep_nelec={'Ag': 4, 'B3u': 2, 'B2u': 1, 'B1u': 1}
)

mf.kernel()

#pyscf.tools.fcidump.from_chkfile_uhf('fort.55',name+'.chk',tol=1e-18, float_format='% 0.20E',molpro_orbsym=False,orbsym=None)
pyscf.tools.fcidump.from_scf_uhf(mf,'fort.55',tol=1e-18, float_format='% 0.20E',molpro_orbsym=False)
#INFO: ******************** input file end ********************


System: uname_result(system='Linux', node='rl21707', release='5.14.0-611.13.1.el9_7.x86_64', version='#1 SMP PREEMPT_DYNAMIC Thu Dec 11 04:57:59 EST 2025', machine='x86_64')  Threads 4
Python 3.13.2 (main, Feb  5 2025, 15:06:39) [GCC 13.3.0]
numpy 2.2.2  scipy 1.15.1  h5py 3.13.0
Date: Tue Jan  6 00:26:32 2026
PySCF version 2.10.0
PySCF path  /home/jaafar1/links/projects/rrg-tzeng/jaafar1/VENV/MRCCInterface/lib/python3.13/site-packages/pyscf

[CONFIG] ARGPARSE = False
[CONFIG] DEBUG = False
[CONFIG] MAX_MEMORY = 4000
[CONFIG] TMPDIR = /tmp
[CONFIG] UNIT = angstrom
[CONFIG] VERBOSE = 3
[CONFIG] conf_file = None
[INPUT] verbose = 9
[INPUT] max_memory = 2500000 
[INPUT] num. atoms = 1
[INPUT] num. electrons = 8
[INPUT] charge = 0
[INPUT] spin (= nelec alpha-beta = 2S) = 2
[INPUT] symmetry True subgroup D2h
[INPUT] Mole.unit = angstrom
[INPUT] Symbol           X                Y                Z      unit          X                Y                Z       unit  Magmom
[INPUT]  1 O      0.000000000000   0.000000000000   0.000000000000 AA    0.000000000000   0.000000000000   0.000000000000 Bohr   0.0
[INPUT] ---------------- BASIS SET ---------------- 
[INPUT] l, kappa, [nprim/nctr], expnt,             c_1 c_2 ...
[INPUT] O
[INPUT] 0    0    [1    /1   ]  4968020              1
[INPUT] 0    0    [1    /1   ]  767184               1
[INPUT] 0    0    [1    /1   ]  179922               1
[INPUT] 0    0    [1    /1   ]  52168.4              1
[INPUT] 0    0    [1    /1   ]  17293.4              1
[INPUT] 0    0    [1    /1   ]  6310.47              1
[INPUT] 0    0    [1    /1   ]  2481.42              1
[INPUT] 0    0    [1    /1   ]  1036.75              1
[INPUT] 0    0    [1    /1   ]  454.07               1
[INPUT] 0    0    [1    /1   ]  205.802              1
[INPUT] 0    0    [1    /1   ]  95.7597              1
[INPUT] 0    0    [1    /1   ]  45.6038              1
[INPUT] 0    0    [1    /1   ]  22.1827              1
[INPUT] 0    0    [1    /1   ]  11.0045              1
[INPUT] 0    0    [1    /1   ]  5.53001              1
[INPUT] 0    0    [1    /1   ]  2.74694              1
[INPUT] 0    0    [1    /1   ]  1.32605              1
[INPUT] 0    0    [1    /1   ]  0.626784             1
[INPUT] 0    0    [1    /1   ]  0.293908             1
[INPUT] 0    0    [1    /1   ]  0.134983             1
[INPUT] 0    0    [1    /1   ]  0.05348              1
[INPUT] 1    0    [1    /1   ]  4020.41              1
[INPUT] 1    0    [1    /1   ]  930.561              1
[INPUT] 1    0    [1    /1   ]  715.722              1
[INPUT] 1    0    [1    /1   ]  398.686              1
[INPUT] 1    0    [1    /1   ]  295.517              1
[INPUT] 1    0    [1    /1   ]  222.084              1
[INPUT] 1    0    [1    /1   ]  123.71               1
[INPUT] 1    0    [1    /1   ]  113.498              1
[INPUT] 1    0    [1    /1   ]  68.911               1
[INPUT] 1    0    [1    /1   ]  48.5521              1
[INPUT] 1    0    [1    /1   ]  38.386               1
[INPUT] 1    0    [1    /1   ]  22.1428              1
[INPUT] 1    0    [1    /1   ]  21.383               1
[INPUT] 1    0    [1    /1   ]  10.5381              1
[INPUT] 1    0    [1    /1   ]  5.19284              1
[INPUT] 1    0    [1    /1   ]  2.61534              1
[INPUT] 1    0    [1    /1   ]  1.32159              1
[INPUT] 1    0    [1    /1   ]  0.661978             1
[INPUT] 1    0    [1    /1   ]  0.327398             1
[INPUT] 1    0    [1    /1   ]  0.159348             1
[INPUT] 1    0    [1    /1   ]  0.074582             1
[INPUT] 1    0    [1    /1   ]  0.03191              1
[INPUT] 2    0    [1    /1   ]  546.298              1
[INPUT] 2    0    [1    /1   ]  299.429              1
[INPUT] 2    0    [1    /1   ]  164.119              1
[INPUT] 2    0    [1    /1   ]  89.954               1
[INPUT] 2    0    [1    /1   ]  49.305               1
[INPUT] 2    0    [1    /1   ]  27.024               1
[INPUT] 2    0    [1    /1   ]  12.9767              1
[INPUT] 2    0    [1    /1   ]  6.65877              1
[INPUT] 2    0    [1    /1   ]  3.41684              1
[INPUT] 2    0    [1    /1   ]  1.7533               1
[INPUT] 2    0    [1    /1   ]  0.89968              1
[INPUT] 2    0    [1    /1   ]  0.46165              1
[INPUT] 2    0    [1    /1   ]  0.2369               1
[INPUT] 2    0    [1    /1   ]  0.09777              1
[INPUT] 3    0    [1    /1   ]  406.828              1
[INPUT] 3    0    [1    /1   ]  211                  1
[INPUT] 3    0    [1    /1   ]  109.434              1
[INPUT] 3    0    [1    /1   ]  56.758               1
[INPUT] 3    0    [1    /1   ]  29.437               1
[INPUT] 3    0    [1    /1   ]  12.7941              1
[INPUT] 3    0    [1    /1   ]  6.48093              1
[INPUT] 3    0    [1    /1   ]  3.28295              1
[INPUT] 3    0    [1    /1   ]  1.66299              1
[INPUT] 3    0    [1    /1   ]  0.8424               1
[INPUT] 3    0    [1    /1   ]  0.42672              1
[INPUT] 3    0    [1    /1   ]  0.18007              1
[INPUT] 4    0    [1    /1   ]  245.619              1
[INPUT] 4    0    [1    /1   ]  109.132              1
[INPUT] 4    0    [1    /1   ]  48.489               1
[INPUT] 4    0    [1    /1   ]  21.544               1
[INPUT] 4    0    [1    /1   ]  7.22853              1
[INPUT] 4    0    [1    /1   ]  3.91156              1
[INPUT] 4    0    [1    /1   ]  2.11666              1
[INPUT] 4    0    [1    /1   ]  1.14538              1
[INPUT] 4    0    [1    /1   ]  0.6198               1
[INPUT] 4    0    [1    /1   ]  0.27223              1
[INPUT] 5    0    [1    /1   ]  172.241              1
[INPUT] 5    0    [1    /1   ]  68.182               1
[INPUT] 5    0    [1    /1   ]  26.99                1
[INPUT] 5    0    [1    /1   ]  7.81133              1
[INPUT] 5    0    [1    /1   ]  4.05272              1
[INPUT] 5    0    [1    /1   ]  2.10265              1
[INPUT] 5    0    [1    /1   ]  1.09091              1
[INPUT] 5    0    [1    /1   ]  0.52508              1
[INPUT] 6    0    [1    /1   ]  157.813              1
[INPUT] 6    0    [1    /1   ]  60.942               1
[INPUT] 6    0    [1    /1   ]  6.10477              1
[INPUT] 6    0    [1    /1   ]  2.95271              1
[INPUT] 6    0    [1    /1   ]  1.42815              1
[INPUT] 6    0    [1    /1   ]  0.74042              1
[INPUT] 7    0    [1    /1   ]  107.188              1
[INPUT] 7    0    [1    /1   ]  4.75927              1
[INPUT] 7    0    [1    /1   ]  2.18588              1
[INPUT] 7    0    [1    /1   ]  1.0942               1
[INPUT] 8    0    [1    /1   ]  3.22427              1
[INPUT] 8    0    [1    /1   ]  1.614                1

nuclear repulsion = 0
point group symmetry = SO3, use subgroup D2h
symmetry origin: [0. 0. 0.]
symmetry axis x: [1. 0. 0.]
symmetry axis y: [0. 1. 0.]
symmetry axis z: [0. 0. 1.]
num. orbitals of irrep Ag = 113
num. orbitals of irrep B1g = 60
num. orbitals of irrep B2g = 60
num. orbitals of irrep B3g = 60
num. orbitals of irrep Au = 40
num. orbitals of irrep B1u = 86
num. orbitals of irrep B2u = 86
num. orbitals of irrep B3u = 86
number of shells = 99
number of NR pGTOs = 591
number of NR cGTOs = 591
basis = {'O': [[0, [4968020.0, 1.0]], [0, [767184.0, 1.0]], [0, [179922.0, 1.0]], [0, [52168.4, 1.0]], [0, [17293.4, 1.0]], [0, [6310.47, 1.0]], [0, [2481.42, 1.0]], [0, [1036.75, 1.0]], [0, [454.07, 1.0]], [0, [205.802, 1.0]], [0, [95.7597, 1.0]], [0, [45.6038, 1.0]], [0, [22.1827, 1.0]], [0, [11.0045, 1.0]], [0, [5.53001, 1.0]], [0, [2.74694, 1.0]], [0, [1.32605, 1.0]], [0, [0.626784, 1.0]], [0, [0.293908, 1.0]], [0, [0.134983, 1.0]], [0, [0.05348, 1.0]], [1, [4020.41, 1.0]], [1, [930.561, 1.0]], [1, [715.722, 1.0]], [1, [398.686, 1.0]], [1, [295.517, 1.0]], [1, [222.084, 1.0]], [1, [123.71, 1.0]], [1, [113.498, 1.0]], [1, [68.911, 1.0]], [1, [48.5521, 1.0]], [1, [38.386, 1.0]], [1, [22.1428, 1.0]], [1, [21.383, 1.0]], [1, [10.5381, 1.0]], [1, [5.19284, 1.0]], [1, [2.61534, 1.0]], [1, [1.32159, 1.0]], [1, [0.661978, 1.0]], [1, [0.327398, 1.0]], [1, [0.159348, 1.0]], [1, [0.074582, 1.0]], [1, [0.03191, 1.0]], [2, [546.298, 1.0]], [2, [299.429, 1.0]], [2, [164.119, 1.0]], [2, [89.954, 1.0]], [2, [49.305, 1.0]], [2, [27.024, 1.0]], [2, [12.9767, 1.0]], [2, [6.65877, 1.0]], [2, [3.41684, 1.0]], [2, [1.7533, 1.0]], [2, [0.89968, 1.0]], [2, [0.46165, 1.0]], [2, [0.2369, 1.0]], [2, [0.09777, 1.0]], [3, [406.828, 1.0]], [3, [211.0, 1.0]], [3, [109.434, 1.0]], [3, [56.758, 1.0]], [3, [29.437, 1.0]], [3, [12.7941, 1.0]], [3, [6.48093, 1.0]], [3, [3.28295, 1.0]], [3, [1.66299, 1.0]], [3, [0.8424, 1.0]], [3, [0.42672, 1.0]], [3, [0.18007, 1.0]], [4, [245.619, 1.0]], [4, [109.132, 1.0]], [4, [48.489, 1.0]], [4, [21.544, 1.0]], [4, [7.22853, 1.0]], [4, [3.91156, 1.0]], [4, [2.11666, 1.0]], [4, [1.14538, 1.0]], [4, [0.6198, 1.0]], [4, [0.27223, 1.0]], [5, [172.241, 1.0]], [5, [68.182, 1.0]], [5, [26.99, 1.0]], [5, [7.81133, 1.0]], [5, [4.05272, 1.0]], [5, [2.10265, 1.0]], [5, [1.09091, 1.0]], [5, [0.52508, 1.0]], [6, [157.813, 1.0]], [6, [60.942, 1.0]], [6, [6.10477, 1.0]], [6, [2.95271, 1.0]], [6, [1.42815, 1.0]], [6, [0.74042, 1.0]], [7, [107.188, 1.0]], [7, [4.75927, 1.0]], [7, [2.18588, 1.0]], [7, [1.0942, 1.0]], [8, [3.22427, 1.0]], [8, [1.614, 1.0]]]}
ecp = {}
bas 0, expnt(s) = [4968020.]
bas 1, expnt(s) = [767184.]
bas 2, expnt(s) = [179922.]
bas 3, expnt(s) = [52168.4]
bas 4, expnt(s) = [17293.4]
bas 5, expnt(s) = [6310.47]
bas 6, expnt(s) = [2481.42]
bas 7, expnt(s) = [1036.75]
bas 8, expnt(s) = [454.07]
bas 9, expnt(s) = [205.802]
bas 10, expnt(s) = [95.7597]
bas 11, expnt(s) = [45.6038]
bas 12, expnt(s) = [22.1827]
bas 13, expnt(s) = [11.0045]
bas 14, expnt(s) = [5.53001]
bas 15, expnt(s) = [2.74694]
bas 16, expnt(s) = [1.32605]
bas 17, expnt(s) = [0.626784]
bas 18, expnt(s) = [0.293908]
bas 19, expnt(s) = [0.134983]
bas 20, expnt(s) = [0.05348]
bas 21, expnt(s) = [4020.41]
bas 22, expnt(s) = [930.561]
bas 23, expnt(s) = [715.722]
bas 24, expnt(s) = [398.686]
bas 25, expnt(s) = [295.517]
bas 26, expnt(s) = [222.084]
bas 27, expnt(s) = [123.71]
bas 28, expnt(s) = [113.498]
bas 29, expnt(s) = [68.911]
bas 30, expnt(s) = [48.5521]
bas 31, expnt(s) = [38.386]
bas 32, expnt(s) = [22.1428]
bas 33, expnt(s) = [21.383]
bas 34, expnt(s) = [10.5381]
bas 35, expnt(s) = [5.19284]
bas 36, expnt(s) = [2.61534]
bas 37, expnt(s) = [1.32159]
bas 38, expnt(s) = [0.661978]
bas 39, expnt(s) = [0.327398]
bas 40, expnt(s) = [0.159348]
bas 41, expnt(s) = [0.074582]
bas 42, expnt(s) = [0.03191]
bas 43, expnt(s) = [546.298]
bas 44, expnt(s) = [299.429]
bas 45, expnt(s) = [164.119]
bas 46, expnt(s) = [89.954]
bas 47, expnt(s) = [49.305]
bas 48, expnt(s) = [27.024]
bas 49, expnt(s) = [12.9767]
bas 50, expnt(s) = [6.65877]
bas 51, expnt(s) = [3.41684]
bas 52, expnt(s) = [1.7533]
bas 53, expnt(s) = [0.89968]
bas 54, expnt(s) = [0.46165]
bas 55, expnt(s) = [0.2369]
bas 56, expnt(s) = [0.09777]
bas 57, expnt(s) = [406.828]
bas 58, expnt(s) = [211.]
bas 59, expnt(s) = [109.434]
bas 60, expnt(s) = [56.758]
bas 61, expnt(s) = [29.437]
bas 62, expnt(s) = [12.7941]
bas 63, expnt(s) = [6.48093]
bas 64, expnt(s) = [3.28295]
bas 65, expnt(s) = [1.66299]
bas 66, expnt(s) = [0.8424]
bas 67, expnt(s) = [0.42672]
bas 68, expnt(s) = [0.18007]
bas 69, expnt(s) = [245.619]
bas 70, expnt(s) = [109.132]
bas 71, expnt(s) = [48.489]
bas 72, expnt(s) = [21.544]
bas 73, expnt(s) = [7.22853]
bas 74, expnt(s) = [3.91156]
bas 75, expnt(s) = [2.11666]
bas 76, expnt(s) = [1.14538]
bas 77, expnt(s) = [0.6198]
bas 78, expnt(s) = [0.27223]
bas 79, expnt(s) = [172.241]
bas 80, expnt(s) = [68.182]
bas 81, expnt(s) = [26.99]
bas 82, expnt(s) = [7.81133]
bas 83, expnt(s) = [4.05272]
bas 84, expnt(s) = [2.10265]
bas 85, expnt(s) = [1.09091]
bas 86, expnt(s) = [0.52508]
bas 87, expnt(s) = [157.813]
bas 88, expnt(s) = [60.942]
bas 89, expnt(s) = [6.10477]
bas 90, expnt(s) = [2.95271]
bas 91, expnt(s) = [1.42815]
bas 92, expnt(s) = [0.74042]
bas 93, expnt(s) = [107.188]
bas 94, expnt(s) = [4.75927]
bas 95, expnt(s) = [2.18588]
bas 96, expnt(s) = [1.0942]
bas 97, expnt(s) = [3.22427]
bas 98, expnt(s) = [1.614]
CPU time:         1.26
arg.atm = [[ 8 20  1 23  0  0]]
arg.bas = [[  0   0   1   1   0  24  25   0]
 [  0   0   1   1   0  26  27   0]
 [  0   0   1   1   0  28  29   0]
 [  0   0   1   1   0  30  31   0]
 [  0   0   1   1   0  32  33   0]
 [  0   0   1   1   0  34  35   0]
 [  0   0   1   1   0  36  37   0]
 [  0   0   1   1   0  38  39   0]
 [  0   0   1   1   0  40  41   0]
 [  0   0   1   1   0  42  43   0]
 [  0   0   1   1   0  44  45   0]
 [  0   0   1   1   0  46  47   0]
 [  0   0   1   1   0  48  49   0]
 [  0   0   1   1   0  50  51   0]
 [  0   0   1   1   0  52  53   0]
 [  0   0   1   1   0  54  55   0]
 [  0   0   1   1   0  56  57   0]
 [  0   0   1   1   0  58  59   0]
 [  0   0   1   1   0  60  61   0]
 [  0   0   1   1   0  62  63   0]
 [  0   0   1   1   0  64  65   0]
 [  0   1   1   1   0  66  67   0]
 [  0   1   1   1   0  68  69   0]
 [  0   1   1   1   0  70  71   0]
 [  0   1   1   1   0  72  73   0]
 [  0   1   1   1   0  74  75   0]
 [  0   1   1   1   0  76  77   0]
 [  0   1   1   1   0  78  79   0]
 [  0   1   1   1   0  80  81   0]
 [  0   1   1   1   0  82  83   0]
 [  0   1   1   1   0  84  85   0]
 [  0   1   1   1   0  86  87   0]
 [  0   1   1   1   0  88  89   0]
 [  0   1   1   1   0  90  91   0]
 [  0   1   1   1   0  92  93   0]
 [  0   1   1   1   0  94  95   0]
 [  0   1   1   1   0  96  97   0]
 [  0   1   1   1   0  98  99   0]
 [  0   1   1   1   0 100 101   0]
 [  0   1   1   1   0 102 103   0]
 [  0   1   1   1   0 104 105   0]
 [  0   1   1   1   0 106 107   0]
 [  0   1   1   1   0 108 109   0]
 [  0   2   1   1   0 110 111   0]
 [  0   2   1   1   0 112 113   0]
 [  0   2   1   1   0 114 115   0]
 [  0   2   1   1   0 116 117   0]
 [  0   2   1   1   0 118 119   0]
 [  0   2   1   1   0 120 121   0]
 [  0   2   1   1   0 122 123   0]
 [  0   2   1   1   0 124 125   0]
 [  0   2   1   1   0 126 127   0]
 [  0   2   1   1   0 128 129   0]
 [  0   2   1   1   0 130 131   0]
 [  0   2   1   1   0 132 133   0]
 [  0   2   1   1   0 134 135   0]
 [  0   2   1   1   0 136 137   0]
 [  0   3   1   1   0 138 139   0]
 [  0   3   1   1   0 140 141   0]
 [  0   3   1   1   0 142 143   0]
 [  0   3   1   1   0 144 145   0]
 [  0   3   1   1   0 146 147   0]
 [  0   3   1   1   0 148 149   0]
 [  0   3   1   1   0 150 151   0]
 [  0   3   1   1   0 152 153   0]
 [  0   3   1   1   0 154 155   0]
 [  0   3   1   1   0 156 157   0]
 [  0   3   1   1   0 158 159   0]
 [  0   3   1   1   0 160 161   0]
 [  0   4   1   1   0 162 163   0]
 [  0   4   1   1   0 164 165   0]
 [  0   4   1   1   0 166 167   0]
 [  0   4   1   1   0 168 169   0]
 [  0   4   1   1   0 170 171   0]
 [  0   4   1   1   0 172 173   0]
 [  0   4   1   1   0 174 175   0]
 [  0   4   1   1   0 176 177   0]
 [  0   4   1   1   0 178 179   0]
 [  0   4   1   1   0 180 181   0]
 [  0   5   1   1   0 182 183   0]
 [  0   5   1   1   0 184 185   0]
 [  0   5   1   1   0 186 187   0]
 [  0   5   1   1   0 188 189   0]
 [  0   5   1   1   0 190 191   0]
 [  0   5   1   1   0 192 193   0]
 [  0   5   1   1   0 194 195   0]
 [  0   5   1   1   0 196 197   0]
 [  0   6   1   1   0 198 199   0]
 [  0   6   1   1   0 200 201   0]
 [  0   6   1   1   0 202 203   0]
 [  0   6   1   1   0 204 205   0]
 [  0   6   1   1   0 206 207   0]
 [  0   6   1   1   0 208 209   0]
 [  0   7   1   1   0 210 211   0]
 [  0   7   1   1   0 212 213   0]
 [  0   7   1   1   0 214 215   0]
 [  0   7   1   1   0 216 217   0]
 [  0   8   1   1   0 218 219   0]
 [  0   8   1   1   0 220 221   0]]
arg.env = [0.00000000e+00 0.00000000e+00 0.00000000e+00 0.00000000e+00
 0.00000000e+00 0.00000000e+00 0.00000000e+00 0.00000000e+00
 0.00000000e+00 0.00000000e+00 0.00000000e+00 0.00000000e+00
 0.00000000e+00 0.00000000e+00 0.00000000e+00 0.00000000e+00
 0.00000000e+00 0.00000000e+00 0.00000000e+00 0.00000000e+00
 0.00000000e+00 0.00000000e+00 0.00000000e+00 0.00000000e+00
 4.96802000e+06 2.65859710e+05 7.67184000e+05 6.54922147e+04
 1.79922000e+05 2.20713159e+04 5.21684000e+04 8.72108787e+03
 1.72934000e+04 3.81000297e+03 6.31047000e+03 1.78879801e+03
 2.48142000e+03 8.88260261e+02 1.03675000e+03 4.61605056e+02
 4.54070000e+02 2.48517589e+02 2.05802000e+02 1.37278403e+02
 9.57597000e+01 7.73396330e+01 4.56038000e+01 4.43369484e+01
 2.21827000e+01 2.58241377e+01 1.10045000e+01 1.52648577e+01
 5.53001000e+00 9.11086186e+00 2.74694000e+00 5.39078367e+00
 1.32605000e+00 3.12201474e+00 6.26784000e-01 1.77972725e+00
 2.93908000e-01 1.00849461e+00 1.34983000e-01 5.62631873e-01
 5.34800000e-02 2.80969108e-01 4.02041000e+03 9.33947197e+04
 9.30561000e+02 1.49939291e+04 7.15722000e+02 1.07997786e+04
 3.98686000e+02 5.19724421e+03 2.95517000e+02 3.57447677e+03
 2.22084000e+02 2.50109957e+03 1.23710000e+02 1.20362279e+03
 1.13498000e+02 1.08073609e+03 6.89110000e+01 5.79222045e+02
 4.85521000e+01 3.73890488e+02 3.83860000e+01 2.78740751e+02
 2.21428000e+01 1.40128045e+02 2.13830000e+01 1.34143671e+02
 1.05381000e+01 5.53907553e+01 5.19284000e+00 2.28686522e+01
 2.61534000e+00 9.70274433e+00 1.32159000e+00 4.13385579e+00
 6.61978000e-01 1.74196265e+00 3.27398000e-01 7.22485974e-01
 1.59348000e-01 2.93709277e-01 7.45820000e-02 1.13704309e-01
 3.19100000e-02 3.93453033e-02 5.46298000e+02 1.61076137e+05
 2.99429000e+02 5.62397836e+04 1.64119000e+02 1.96361976e+04
 8.99540000e+01 6.85591187e+03 4.93050000e+01 2.39380391e+03
 2.70240000e+01 8.35778591e+02 1.29767000e+01 2.31508451e+02
 6.65877000e+00 7.20226192e+01 3.41684000e+00 2.24064220e+01
 1.75330000e+00 6.97072249e+00 8.99680000e-01 2.16862022e+00
 4.61650000e-01 6.74647408e-01 2.36900000e-01 2.09902805e-01
 9.77700000e-02 4.46055822e-02 4.06828000e+02 1.46617139e+06
 2.11000000e+02 3.34692427e+05 1.09434000e+02 7.64016922e+04
 5.67580000e+01 1.74409967e+04 2.94370000e+01 3.98126279e+03
 1.27941000e+01 6.10635823e+02 6.48093000e+00 1.32188707e+02
 3.28295000e+00 2.86157390e+01 1.66299000e+00 6.19458257e+00
 8.42400000e-01 1.34099348e+00 4.26720000e-01 2.90290022e-01
 1.80070000e-01 4.16632776e-02 2.45619000e+02 4.92197598e+06
 1.09132000e+02 5.28795094e+05 4.84890000e+01 5.68117253e+04
 2.15440000e+01 6.10332559e+03 7.22853000e+00 3.02905088e+02
 3.91156000e+00 5.59605008e+01 2.11666000e+00 1.03385501e+01
 1.14538000e+00 1.90998735e+00 6.19800000e-01 3.52866903e-01
 2.72230000e-01 3.67276428e-02 1.72241000e+02 1.46790012e+07
 6.81820000e+01 7.22236444e+05 2.69900000e+01 3.55354755e+04
 7.81133000e+00 6.31842680e+02 4.05272000e+00 7.48909267e+01
 2.10265000e+00 8.87657578e+00 1.09091000e+00 1.05212358e+00
 5.25080000e-01 9.77204717e-02 1.57813000e+02 7.69744305e+07
 6.09420000e+01 2.17144439e+06 6.10477000e+00 3.88661009e+02
 2.95271000e+00 2.55058062e+01 1.42815000e+00 1.67383605e+00
 7.40420000e-01 1.42512876e-01 1.07188000e+02 9.64754146e+07
 4.75927000e+00 1.72124187e+02 2.18588000e+00 6.30532224e+00
 1.09420000e+00 3.33009376e-01 3.22427000e+00 2.86516830e+01
 1.61400000e+00 1.07063823e+00]
ecpbas  = []


******** <class 'pyscf.scf.uhf_symm.SymAdaptedUHF'> ********
method = SymAdaptedUHF
initial guess = chk
damping factor = 0
level_shift factor = 0
DIIS = <class 'pyscf.scf.diis.CDIIS'>
diis_start_cycle = 1
diis_space = 8
diis_damp = 0
SCF conv_tol = 1e-11
SCF conv_tol_grad = None
SCF ddm_tol = 1e-10
SCF max_cycles = 9999
direct_scf = False
chkfile to save SCF result = /home/jaafar1/links/projects/rrg-tzeng/jaafar1/PySCF-MRCC/Oxygen/NewChapter-Neutral/AE/aCV8Z-FELLER-U/NR/UHF/chkfiles/out.chk
max_memory 2500000 MB (current use 131 MB)
number electrons alpha = 5  beta = 3
irrep_nelec {'Ag': 4, 'B3u': 2, 'B2u': 1, 'B1u': 1}
Freeze 8 electrons in irreps ['Ag', 'B3u', 'B2u', 'B1u']
    0 free electrons in irreps B1g B2g B3g Au
cond(S) = 885765211.6515791

WARN: Singularity detected in overlap matrix (condition number = 8.86e+08). SCF may be inaccurate and hard to converge.

Set gradient conv threshold to 3.16228e-06
Nelec from initial guess = (np.float64(5.000000000000002), np.float64(2.9999999999999987))
E1 = -103.25198310430513  Ecoul = 28.433004072423977
init E= -74.8189790318812
    CPU time for initialize scf   1510.18 sec, wall time    392.73 sec
alpha HOMO (B3u) = -0.611620562698548  LUMO (B1u) = 0.066613304273947
alpha irrep_nelec = [2, 0, 0, 0, 0, 1, 1, 1]
beta  irrep_nelec = [2, 0, 0, 0, 0, 0, 0, 1]
alpha-Ag nocc = 2  HOMO = -1.41828844523617  LUMO = 0.087266573936368
   mo_energy = [-2.07074953e+01 -1.41828845e+00  8.72665739e-02  2.82938325e-01
  2.90331654e-01  4.60788890e-01  8.20979203e-01  8.45090188e-01
  1.33027178e+00  1.34219181e+00  1.34627141e+00  1.51936353e+00
  1.84169979e+00  1.88754810e+00  3.41562578e+00  3.44404776e+00
  3.45370679e+00  3.82697671e+00  3.88880015e+00  4.20034191e+00
  5.01398387e+00  5.03393509e+00  5.04606619e+00  5.05013758e+00
  7.15443872e+00  7.20107165e+00  7.21677921e+00  7.70902608e+00
  7.78235985e+00  1.06555722e+01  1.14334974e+01  1.14696900e+01
  1.14916139e+01  1.14989574e+01  1.39092341e+01  1.39710449e+01
  1.39917524e+01  1.44463145e+01  1.44732050e+01  1.44926005e+01
  1.45043146e+01  1.45082322e+01  1.53533236e+01  1.54325860e+01
  2.41456906e+01  2.41968330e+01  2.42277343e+01  2.42380712e+01
  2.56880645e+01  2.65290608e+01  2.65992870e+01  2.66227843e+01
  3.05847725e+01  3.06625267e+01  3.29538643e+01  3.29946533e+01
  3.30240000e+01  3.30416936e+01  3.30476059e+01  5.15562438e+01
  5.16236205e+01  5.16460357e+01  5.17385190e+01  5.17956191e+01
  5.18305348e+01  5.18423239e+01  5.96276052e+01  6.11762934e+01
  6.12454201e+01  1.21246515e+02  1.21298117e+02  1.21315301e+02
  1.23064383e+02  1.23118117e+02  1.34893169e+02  2.43998088e+02
  2.44037653e+02  2.89879787e+02  2.89912958e+02  2.89924029e+02
  3.01381972e+02  4.26214418e+02  4.26239598e+02  4.26254718e+02
  4.26259760e+02  4.73080312e+02  4.73107724e+02  6.72821580e+02
  6.80538771e+02  6.80557549e+02  6.80563812e+02  9.05537150e+02
  9.05554896e+02  1.23532086e+03  1.23533288e+03  1.23534009e+03
  1.23534249e+03  1.51549147e+03  1.63353451e+03  1.63354352e+03
  1.63354652e+03  1.74404409e+03  1.74405460e+03  3.47691563e+03
  3.49059497e+03  3.49060023e+03  8.21756705e+03  2.02910507e+04
  5.32377916e+04  1.51712929e+05  4.85960497e+05  1.87047269e+06
  1.03007754e+07]
alpha-B1g nocc = 0
   mo_energy = [2.88428809e-01 8.38724846e-01 1.33717242e+00 1.34524574e+00
 1.87537525e+00 3.43211544e+00 3.45128174e+00 3.87292013e+00
 5.02491652e+00 5.04099656e+00 5.04911841e+00 7.18157310e+00
 7.21284181e+00 7.76344000e+00 1.14533503e+01 1.14824596e+01
 1.14971198e+01 1.39452423e+01 1.39865694e+01 1.44606824e+01
 1.44838528e+01 1.44994266e+01 1.45072522e+01 1.54122165e+01
 2.41737637e+01 2.42148389e+01 2.42354853e+01 2.65699792e+01
 2.66169055e+01 3.06425768e+01 3.29756728e+01 3.30107720e+01
 3.30343134e+01 3.30461272e+01 5.15955636e+01 5.16404351e+01
 5.17697829e+01 5.18159117e+01 5.18393684e+01 6.12271327e+01
 1.21276626e+02 1.21311005e+02 1.23104712e+02 2.44027748e+02
 2.89899129e+02 2.89921261e+02 4.26228264e+02 4.26248417e+02
 4.26258499e+02 4.73100861e+02 6.80549723e+02 6.80562246e+02
 9.05550455e+02 1.23532747e+03 1.23533708e+03 1.23534189e+03
 1.63353976e+03 1.63354577e+03 1.74405197e+03 3.49059891e+03]
alpha-B2g nocc = 0
   mo_energy = [2.88428809e-01 8.38724846e-01 1.33717242e+00 1.34524574e+00
 1.87537525e+00 3.43211544e+00 3.45128174e+00 3.87292013e+00
 5.02491652e+00 5.04099656e+00 5.04911841e+00 7.18157310e+00
 7.21284181e+00 7.76344000e+00 1.14533503e+01 1.14824596e+01
 1.14971198e+01 1.39452423e+01 1.39865694e+01 1.44606824e+01
 1.44838528e+01 1.44994266e+01 1.45072522e+01 1.54122165e+01
 2.41737637e+01 2.42148389e+01 2.42354853e+01 2.65699792e+01
 2.66169055e+01 3.06425768e+01 3.29756728e+01 3.30107720e+01
 3.30343134e+01 3.30461272e+01 5.15955636e+01 5.16404351e+01
 5.17697829e+01 5.18159117e+01 5.18393684e+01 6.12271327e+01
 1.21276626e+02 1.21311005e+02 1.23104712e+02 2.44027748e+02
 2.89899129e+02 2.89921261e+02 4.26228264e+02 4.26248417e+02
 4.26258499e+02 4.73100861e+02 6.80549723e+02 6.80562246e+02
 9.05550455e+02 1.23532747e+03 1.23533708e+03 1.23534189e+03
 1.63353976e+03 1.63354577e+03 1.74405197e+03 3.49059891e+03]
alpha-B3g nocc = 0
   mo_energy = [2.82938325e-01 8.20979203e-01 1.33027178e+00 1.34219181e+00
 1.84169979e+00 3.41562578e+00 3.44404776e+00 3.82697671e+00
 5.01398387e+00 5.03393509e+00 5.04606619e+00 7.15443872e+00
 7.20107165e+00 7.70902608e+00 1.14334974e+01 1.14696900e+01
 1.14916139e+01 1.39092341e+01 1.39710449e+01 1.44463145e+01
 1.44732050e+01 1.44926005e+01 1.45043146e+01 1.53533236e+01
 2.41456906e+01 2.41968330e+01 2.42277343e+01 2.65290608e+01
 2.65992870e+01 3.05847725e+01 3.29538643e+01 3.29946533e+01
 3.30240000e+01 3.30416936e+01 5.15562438e+01 5.16236205e+01
 5.17385190e+01 5.17956191e+01 5.18305348e+01 6.11762934e+01
 1.21246515e+02 1.21298117e+02 1.23064383e+02 2.43998088e+02
 2.89879787e+02 2.89912958e+02 4.26214418e+02 4.26239598e+02
 4.26254718e+02 4.73080312e+02 6.80538771e+02 6.80557549e+02
 9.05537150e+02 1.23532086e+03 1.23533288e+03 1.23534009e+03
 1.63353451e+03 1.63354352e+03 1.74404409e+03 3.49059497e+03]
alpha-Au nocc = 0
   mo_energy = [7.14091340e-01 1.97359901e+00 3.06143663e+00 3.07529718e+00
 4.36026970e+00 7.33854919e+00 7.36574241e+00 8.63204244e+00
 8.65181651e+00 8.66382158e+00 8.91046044e+00 1.51967995e+01
 1.52363865e+01 1.78015672e+01 1.96858640e+01 1.97187341e+01
 1.97386155e+01 3.02543967e+01 3.03014668e+01 3.56129816e+01
 4.39043972e+01 4.39465947e+01 4.39720409e+01 6.12762655e+01
 6.13223748e+01 7.21873636e+01 1.51820592e+02 1.70774814e+02
 1.70807081e+02 3.15802692e+02 4.58662726e+02 4.58681088e+02
 6.42159048e+02 8.84574634e+02 8.84587876e+02 8.84595824e+02
 1.22156033e+03 1.22156901e+03 1.30110869e+03 2.72778082e+03]
alpha-B1u nocc = 1  HOMO = -0.711062110325892  LUMO = 0.066613304273947
   mo_energy = [-7.11062110e-01  6.66133043e-02  2.53545542e-01  7.02886907e-01
  7.07507763e-01  7.19392338e-01  1.70583927e+00  1.95576664e+00
  1.98494726e+00  3.05119895e+00  3.06949165e+00  3.07880206e+00
  3.82267156e+00  4.32870365e+00  4.38016777e+00  7.31837190e+00
  7.35437049e+00  7.37259475e+00  8.17441273e+00  8.61933964e+00
  8.64288268e+00  8.65880630e+00  8.66683991e+00  8.86769198e+00
  8.93734223e+00  1.51673524e+01  1.52198460e+01  1.52463430e+01
  1.69276251e+01  1.77529301e+01  1.78320531e+01  1.96646729e+01
  1.97039019e+01  1.97303169e+01  1.97436049e+01  3.02192908e+01
  3.02818175e+01  3.03132819e+01  3.38449914e+01  3.55648389e+01
  3.56425418e+01  4.38771101e+01  4.39275731e+01  4.39614266e+01
  4.39784175e+01  6.12418193e+01  6.13031373e+01  6.13339346e+01
  6.41853333e+01  7.21458896e+01  7.22123977e+01  1.13974207e+02
  1.51789557e+02  1.51839247e+02  1.70750652e+02  1.70793629e+02
  1.70815157e+02  1.90261301e+02  3.02664264e+02  3.15781343e+02
  3.15815530e+02  4.58648964e+02  4.58673436e+02  4.58685681e+02
  4.65450110e+02  6.42145361e+02  6.42167266e+02  7.00411594e+02
  8.84566029e+02  8.84581916e+02  8.84592512e+02  8.84597811e+02
  1.04100427e+03  1.22155383e+03  1.22156539e+03  1.22157118e+03
  1.30110066e+03  1.30111351e+03  1.53971556e+03  2.28248184e+03
  2.72777682e+03  2.72778322e+03  3.41271513e+03  5.22224322e+03
  8.35374821e+03  1.74631204e+04]
alpha-B2u nocc = 1  HOMO = -0.711062110326392  LUMO = 0.0666133042744201
   mo_energy = [-7.11062110e-01  6.66133043e-02  2.53545542e-01  7.02886907e-01
  7.07507763e-01  7.19392338e-01  1.70583927e+00  1.95576664e+00
  1.98494726e+00  3.05119895e+00  3.06949165e+00  3.07880206e+00
  3.82267157e+00  4.32870365e+00  4.38016777e+00  7.31837190e+00
  7.35437049e+00  7.37259475e+00  8.17441274e+00  8.61933964e+00
  8.64288268e+00  8.65880630e+00  8.66683991e+00  8.86769198e+00
  8.93734223e+00  1.51673524e+01  1.52198460e+01  1.52463430e+01
  1.69276252e+01  1.77529301e+01  1.78320531e+01  1.96646729e+01
  1.97039019e+01  1.97303169e+01  1.97436049e+01  3.02192908e+01
  3.02818175e+01  3.03132819e+01  3.38449915e+01  3.55648389e+01
  3.56425418e+01  4.38771101e+01  4.39275731e+01  4.39614266e+01
  4.39784175e+01  6.12418193e+01  6.13031373e+01  6.13339346e+01
  6.41853336e+01  7.21458896e+01  7.22123977e+01  1.13974208e+02
  1.51789557e+02  1.51839247e+02  1.70750652e+02  1.70793629e+02
  1.70815157e+02  1.90261302e+02  3.02664266e+02  3.15781343e+02
  3.15815530e+02  4.58648964e+02  4.58673436e+02  4.58685681e+02
  4.65450111e+02  6.42145361e+02  6.42167266e+02  7.00411594e+02
  8.84566029e+02  8.84581916e+02  8.84592512e+02  8.84597811e+02
  1.04100427e+03  1.22155383e+03  1.22156539e+03  1.22157118e+03
  1.30110066e+03  1.30111351e+03  1.53971556e+03  2.28248183e+03
  2.72777682e+03  2.72778322e+03  3.41271512e+03  5.22224322e+03
  8.35374821e+03  1.74631204e+04]
alpha-B3u nocc = 1  HOMO = -0.611620562698548  LUMO = 0.0694449166185702
   mo_energy = [-6.11620563e-01  6.94449166e-02  2.63786338e-01  7.14091340e-01
  7.16812485e-01  7.30666284e-01  1.74657780e+00  1.97359901e+00
  1.98895412e+00  3.06143663e+00  3.07529718e+00  3.07997403e+00
  3.87963701e+00  4.36026970e+00  4.38707804e+00  7.33854919e+00
  7.36574241e+00  7.37488381e+00  8.24340366e+00  8.63204244e+00
  8.65181651e+00  8.66382158e+00  8.66784757e+00  8.91046044e+00
  8.94664737e+00  1.51967995e+01  1.52363865e+01  1.52496672e+01
  1.70022665e+01  1.78015672e+01  1.78425757e+01  1.96858640e+01
  1.97187341e+01  1.97386155e+01  1.97452697e+01  3.02543967e+01
  3.03014668e+01  3.03172245e+01  3.39190391e+01  3.56129816e+01
  3.56525435e+01  4.39043972e+01  4.39465947e+01  4.39720409e+01
  4.39805444e+01  6.12762655e+01  6.13223748e+01  6.13377908e+01
  6.42546518e+01  7.21873636e+01  7.22207689e+01  1.14037319e+02
  1.51820592e+02  1.51845471e+02  1.70774814e+02  1.70807081e+02
  1.70817849e+02  1.90317885e+02  3.02714063e+02  3.15802692e+02
  3.15819813e+02  4.58662726e+02  4.58681088e+02  4.58687212e+02
  4.65492875e+02  6.42159048e+02  6.42170007e+02  7.00447220e+02
  8.84574634e+02  8.84587876e+02  8.84595824e+02  8.84598474e+02
  1.04103296e+03  1.22156033e+03  1.22156901e+03  1.22157190e+03
  1.30110869e+03  1.30111512e+03  1.53973779e+03  2.28249834e+03
  2.72778082e+03  2.72778402e+03  3.41272674e+03  5.22225074e+03
  8.35375242e+03  1.74631219e+04]
beta-Ag nocc = 2  HOMO = -1.07554634369988  LUMO = 0.0927626898644555
   mo_energy = [-2.06292104e+01 -1.07554634e+00  9.27626899e-02  2.87273144e-01
  2.90902552e-01  4.85460336e-01  8.56521373e-01  8.59194444e-01
  1.33339226e+00  1.34337685e+00  1.34673034e+00  1.57042242e+00
  1.92419518e+00  1.93587823e+00  3.43335781e+00  3.45321339e+00
  3.45979066e+00  3.94077270e+00  3.94743100e+00  4.26727516e+00
  5.02089600e+00  5.03824386e+00  5.04874163e+00  5.05225612e+00
  7.19315978e+00  7.22354000e+00  7.23357137e+00  7.82102767e+00
  7.83435856e+00  1.07178588e+01  1.14538967e+01  1.14836431e+01
  1.15016038e+01  1.15076098e+01  1.39627856e+01  1.40040484e+01
  1.40177634e+01  1.44574497e+01  1.44814367e+01  1.44987055e+01
  1.45091219e+01  1.45126033e+01  1.54420704e+01  1.54756046e+01
  2.41799685e+01  2.42213750e+01  2.42463595e+01  2.42547113e+01
  2.57336844e+01  2.65845282e+01  2.66346547e+01  2.66513892e+01
  3.06475417e+01  3.06940695e+01  3.29764002e+01  3.30120506e+01
  3.30376790e+01  3.30531220e+01  3.30582808e+01  5.16025309e+01
  5.16540387e+01  5.16712008e+01  5.17765150e+01  5.18234726e+01
  5.18520261e+01  5.18616224e+01  5.96554378e+01  6.12158732e+01
  6.12656013e+01  1.21274126e+02  1.21316303e+02  1.21330350e+02
  1.23086582e+02  1.23130109e+02  1.34907184e+02  2.44009543e+02
  2.44044007e+02  2.89891616e+02  2.89920802e+02  2.89930543e+02
  3.01388426e+02  4.26223603e+02  4.26246483e+02  4.26260221e+02
  4.26264802e+02  4.73085938e+02  4.73110931e+02  6.72824341e+02
  6.80543155e+02  6.80560492e+02  6.80566275e+02  9.05539812e+02
  9.05556467e+02  1.23532328e+03  1.23533470e+03  1.23534156e+03
  1.23534385e+03  1.51549262e+03  1.63353594e+03  1.63354451e+03
  1.63354736e+03  1.74404530e+03  1.74405535e+03  3.47691611e+03
  3.49059549e+03  3.49060058e+03  8.21756726e+03  2.02910507e+04
  5.32377916e+04  1.51712929e+05  4.85960497e+05  1.87047269e+06
  1.03007754e+07]
beta-B1g nocc = 0
   mo_energy = [2.89907993e-01 8.56805181e-01 1.33919983e+00 1.34589111e+00
 1.92634251e+00 3.44495430e+00 3.45814938e+00 3.94274240e+00
 5.03041471e+00 5.04435929e+00 5.05137677e+00 7.21092814e+00
 7.23106870e+00 7.83097070e+00 1.14702284e+01 1.14941098e+01
 1.15061074e+01 1.39868764e+01 1.40143366e+01 1.44702727e+01
 1.44909204e+01 1.45047767e+01 1.45117325e+01 1.54670914e+01
 2.42027059e+01 2.42359364e+01 2.42526222e+01 2.66137545e+01
 2.66472044e+01 3.06822247e+01 3.29954655e+01 3.30261292e+01
 3.30466814e+01 3.30569906e+01 5.16325783e+01 5.16669110e+01
 5.18022551e+01 5.18400885e+01 5.18592193e+01 6.12526185e+01
 1.21298736e+02 1.21326839e+02 1.23119239e+02 2.44035377e+02
 2.89908635e+02 2.89928108e+02 4.26236185e+02 4.26254496e+02
 4.26263657e+02 4.73104674e+02 6.80553266e+02 6.80564829e+02
 9.05552299e+02 1.23532956e+03 1.23533870e+03 1.23534328e+03
 1.63354094e+03 1.63354665e+03 1.74405284e+03 3.49059931e+03]
beta-B2g nocc = 0
   mo_energy = [2.89907993e-01 8.56805181e-01 1.33919983e+00 1.34589111e+00
 1.92634251e+00 3.44495430e+00 3.45814938e+00 3.94274240e+00
 5.03041471e+00 5.04435929e+00 5.05137677e+00 7.21092814e+00
 7.23106870e+00 7.83097070e+00 1.14702284e+01 1.14941098e+01
 1.15061074e+01 1.39868764e+01 1.40143366e+01 1.44702727e+01
 1.44909204e+01 1.45047767e+01 1.45117325e+01 1.54670914e+01
 2.42027059e+01 2.42359364e+01 2.42526222e+01 2.66137545e+01
 2.66472044e+01 3.06822247e+01 3.29954655e+01 3.30261292e+01
 3.30466814e+01 3.30569906e+01 5.16325783e+01 5.16669110e+01
 5.18022551e+01 5.18400885e+01 5.18592193e+01 6.12526185e+01
 1.21298736e+02 1.21326839e+02 1.23119239e+02 2.44035377e+02
 2.89908635e+02 2.89928108e+02 4.26236185e+02 4.26254496e+02
 4.26263657e+02 4.73104674e+02 6.80553266e+02 6.80564829e+02
 9.05552299e+02 1.23532956e+03 1.23533870e+03 1.23534328e+03
 1.63354094e+03 1.63354665e+03 1.74405284e+03 3.49059931e+03]
beta-B3g nocc = 0
   mo_energy = [2.87273144e-01 8.59194444e-01 1.33339226e+00 1.34337685e+00
 1.93587823e+00 3.43335781e+00 3.45321339e+00 3.94743100e+00
 5.02089600e+00 5.03824386e+00 5.04874163e+00 7.19315978e+00
 7.22354000e+00 7.82102767e+00 1.14538967e+01 1.14836431e+01
 1.15016038e+01 1.39627856e+01 1.40040484e+01 1.44574497e+01
 1.44814367e+01 1.44987055e+01 1.45091219e+01 1.54420704e+01
 2.41799685e+01 2.42213750e+01 2.42463595e+01 2.65845282e+01
 2.66346547e+01 3.06475417e+01 3.29764002e+01 3.30120506e+01
 3.30376790e+01 3.30531220e+01 5.16025309e+01 5.16540387e+01
 5.17765150e+01 5.18234726e+01 5.18520261e+01 6.12158732e+01
 1.21274126e+02 1.21316303e+02 1.23086582e+02 2.44009543e+02
 2.89891616e+02 2.89920802e+02 4.26223603e+02 4.26246483e+02
 4.26260221e+02 4.73085938e+02 6.80543155e+02 6.80560492e+02
 9.05539812e+02 1.23532328e+03 1.23533470e+03 1.23534156e+03
 1.63353594e+03 1.63354451e+03 1.74404530e+03 3.49059549e+03]
beta-Au nocc = 0
   mo_energy = [7.15955879e-01 1.98945394e+00 3.06622114e+00 3.07780365e+00
 4.40055586e+00 7.35624232e+00 7.37701647e+00 8.63956325e+00
 8.65694704e+00 8.66746760e+00 8.96715957e+00 1.52283163e+01
 1.52580138e+01 1.78577058e+01 1.97045549e+01 1.97325107e+01
 1.97493926e+01 3.02919740e+01 3.03283069e+01 3.56569722e+01
 4.39320517e+01 4.39678174e+01 4.39893734e+01 6.13095140e+01
 6.13466485e+01 7.22159343e+01 1.51836024e+02 1.70792854e+02
 1.70820421e+02 3.15810051e+02 4.58669159e+02 4.58685871e+02
 6.42162355e+02 8.84578090e+02 8.84590616e+02 8.84598133e+02
 1.22156222e+03 1.22157043e+03 1.30111011e+03 2.72778140e+03]
beta-B1u nocc = 0
   mo_energy = [4.75604328e-02 1.09496662e-01 3.10326636e-01 7.10998794e-01
 7.18759657e-01 7.87022392e-01 1.80477586e+00 1.98060814e+00
 1.99496782e+00 3.05760201e+00 3.07296494e+00 3.08071563e+00
 3.92108086e+00 4.38735489e+00 4.40865443e+00 7.34072943e+00
 7.36834809e+00 7.38222603e+00 8.26003726e+00 8.62836136e+00
 8.64910142e+00 8.66307564e+00 8.67010860e+00 8.94716356e+00
 8.97951468e+00 1.52061441e+01 1.52456212e+01 1.52654622e+01
 1.69942501e+01 1.78299909e+01 1.78749038e+01 1.96865030e+01
 1.97199029e+01 1.97423485e+01 1.97536259e+01 3.02648371e+01
 3.03131473e+01 3.03374171e+01 3.38914823e+01 3.56244813e+01
 3.56768462e+01 4.39089112e+01 4.39516980e+01 4.39803829e+01
 4.39947737e+01 6.12817601e+01 6.13311578e+01 6.13559553e+01
 6.42155707e+01 7.21843169e+01 7.22350098e+01 1.13993543e+02
 1.51810185e+02 1.51851557e+02 1.70772211e+02 1.70808929e+02
 1.70827320e+02 1.90273787e+02 3.02672445e+02 3.15791110e+02
 3.15821440e+02 4.58656634e+02 4.58678906e+02 4.58690051e+02
 4.65455503e+02 6.42149707e+02 6.42169949e+02 7.00415139e+02
 8.84569951e+02 8.84584979e+02 8.84595001e+02 8.84600013e+02
 1.04100658e+03 1.22155607e+03 1.22156701e+03 1.22157249e+03
 1.30110250e+03 1.30111468e+03 1.53971703e+03 2.28248276e+03
 2.72777754e+03 2.72778371e+03 3.41271569e+03 5.22224355e+03
 8.35374840e+03 1.74631205e+04]
beta-B2u nocc = 0
   mo_energy = [4.75604328e-02 1.09496662e-01 3.10326636e-01 7.10998794e-01
 7.18759657e-01 7.87022392e-01 1.80477586e+00 1.98060814e+00
 1.99496782e+00 3.05760201e+00 3.07296494e+00 3.08071563e+00
 3.92108086e+00 4.38735489e+00 4.40865443e+00 7.34072943e+00
 7.36834809e+00 7.38222603e+00 8.26003726e+00 8.62836136e+00
 8.64910142e+00 8.66307564e+00 8.67010860e+00 8.94716356e+00
 8.97951468e+00 1.52061441e+01 1.52456212e+01 1.52654622e+01
 1.69942501e+01 1.78299909e+01 1.78749038e+01 1.96865030e+01
 1.97199029e+01 1.97423485e+01 1.97536259e+01 3.02648371e+01
 3.03131473e+01 3.03374171e+01 3.38914822e+01 3.56244813e+01
 3.56768462e+01 4.39089112e+01 4.39516980e+01 4.39803829e+01
 4.39947737e+01 6.12817601e+01 6.13311578e+01 6.13559553e+01
 6.42155706e+01 7.21843169e+01 7.22350098e+01 1.13993543e+02
 1.51810185e+02 1.51851557e+02 1.70772211e+02 1.70808929e+02
 1.70827320e+02 1.90273786e+02 3.02672444e+02 3.15791110e+02
 3.15821440e+02 4.58656634e+02 4.58678906e+02 4.58690051e+02
 4.65455501e+02 6.42149707e+02 6.42169949e+02 7.00415137e+02
 8.84569951e+02 8.84584979e+02 8.84595001e+02 8.84600013e+02
 1.04100658e+03 1.22155607e+03 1.22156701e+03 1.22157249e+03
 1.30110250e+03 1.30111468e+03 1.53971703e+03 2.28248275e+03
 2.72777754e+03 2.72778371e+03 3.41271569e+03 5.22224355e+03
 8.35374840e+03 1.74631205e+04]
beta-B3u nocc = 1  HOMO = -0.521690067348683  LUMO = 0.0701857490879323
   mo_energy = [-5.21690067e-01  7.01857491e-02  2.68820752e-01  7.15955879e-01
  7.19284308e-01  7.42229160e-01  1.76922978e+00  1.98945394e+00
  1.99673996e+00  3.06622114e+00  3.07780365e+00  3.08168775e+00
  3.90763369e+00  4.40055586e+00  4.41136406e+00  7.35624232e+00
  7.37701647e+00  7.38396396e+00  8.27256532e+00  8.63956325e+00
  8.65694704e+00  8.66746760e+00  8.67098991e+00  8.96715957e+00
  8.98370193e+00  1.52283163e+01  1.52580138e+01  1.52679471e+01
  1.70283623e+01  1.78577058e+01  1.78807630e+01  1.97045549e+01
  1.97325107e+01  1.97493926e+01  1.97550382e+01  3.02919740e+01
  3.03283069e+01  3.03404562e+01  3.39388920e+01  3.56569722e+01
  3.56835478e+01  4.39320517e+01  4.39678174e+01  4.39893734e+01
  4.39965748e+01  6.13095140e+01  6.13466485e+01  6.13590597e+01
  6.42683971e+01  7.22159343e+01  7.22413866e+01  1.14046577e+02
  1.51836024e+02  1.51856740e+02  1.70792854e+02  1.70820421e+02
  1.70829620e+02  1.90324099e+02  3.02718256e+02  3.15810051e+02
  3.15825240e+02  4.58669159e+02  4.58685871e+02  4.58691445e+02
  4.65495701e+02  6.42162355e+02  6.42172481e+02  7.00449115e+02
  8.84578090e+02  8.84590616e+02  8.84598133e+02  8.84600640e+02
  1.04103421e+03  1.22156222e+03  1.22157043e+03  1.22157317e+03
  1.30111011e+03  1.30111620e+03  1.53973861e+03  2.28249887e+03
  2.72778140e+03  2.72778448e+03  3.41272707e+03  5.22225096e+03
  8.35375255e+03  1.74631219e+04]
multiplicity <S^2> = 2.0093764  2S+1 = 3.0062444
E1 = -103.25198534339503  Ecoul = 28.4330058966972
cycle= 1 E= -74.8189794466978  delta_E= -4.15e-07  |g|= 3.47e-05  |ddm|= 0.00543
    CPU time for cycle= 1    108.95 sec, wall time     27.35 sec


Extra cycle  E= -74.8189794469054  delta_E= -4.26e-14  |g|= 1.32e-09  |ddm|= 9.86e-11
    CPU time for scf_cycle   3475.10 sec, wall time    886.25 sec
    CPU time for SCF   3475.23 sec, wall time    886.29 sec
converged SCF energy = -74.8189794469054  <S^2> = 2.0093765  2S+1 = 3.0062445
irreps of each MO ['Ag' 'Ag' 'B1u' 'B2u' 'B3u' 'B1u' 'B2u' 'B3u' 'Ag' 'B1u' 'B2u' 'B3u' 'Ag'
 'B3g' 'B1g' 'B2g' 'Ag' 'Ag' 'B1u' 'B2u' 'B1u' 'B2u' 'Au' 'B3u' 'B3u'
 'B1u' 'B2u' 'B3u' 'Ag' 'B3g' 'B1g' 'B2g' 'Ag' 'Ag' 'B3g' 'B1g' 'B2g' 'Ag'
 'B3g' 'B1g' 'B2g' 'Ag' 'Ag' 'B2u' 'B1u' 'B3u' 'Ag' 'B3g' 'B1g' 'B2g' 'Ag'
 'B1u' 'B2u' 'Au' 'B3u' 'B1u' 'B2u' 'B3u' 'B1u' 'B2u' 'Au' 'B3u' 'B1u'
 'B2u' 'Au' 'B3u' 'B1u' 'B2u' 'B3u' 'Ag' 'B3g' 'B1g' 'B2g' 'Ag' 'B3g'
 'B1g' 'B2g' 'Ag' 'B1u' 'B2u' 'Ag' 'B3g' 'B1g' 'B2g' 'B3u' 'Ag' 'Ag' 'B1u'
 'B2u' 'Au' 'B3u' 'B1u' 'B2u' 'B3u' 'Ag' 'B3g' 'B1g' 'B2g' 'Ag' 'B3g'
 'B1g' 'B2g' 'Ag' 'B3g' 'B1g' 'B2g' 'Ag' 'Ag' 'B3g' 'B1g' 'B2g' 'Ag' 'B3g'
 'B1g' 'B2g' 'Ag' 'B1u' 'B2u' 'Au' 'B3u' 'B1u' 'B2u' 'Au' 'B3u' 'B1u'
 'B2u' 'B3u' 'Ag' 'B3g' 'B1g' 'B2g' 'Ag' 'B2u' 'B1u' 'B3u' 'B1u' 'B2u'
 'Au' 'B3u' 'B1u' 'B2u' 'Au' 'B3u' 'B1u' 'B2u' 'Au' 'B3u' 'B1u' 'B2u'
 'B3u' 'B1u' 'B2u' 'Au' 'B3u' 'B1u' 'B2u' 'B3u' 'Ag' 'Ag' 'B3g' 'B1g'
 'B2g' 'Ag' 'B3g' 'B1g' 'B2g' 'Ag' 'B3g' 'B1g' 'B2g' 'Ag' 'Ag' 'B3g' 'B1g'
 'B2g' 'Ag' 'B3g' 'B1g' 'B2g' 'Ag' 'Ag' 'B3g' 'B1g' 'B2g' 'Ag' 'B3g' 'B1g'
 'B2g' 'Ag' 'B3g' 'B1g' 'B2g' 'Ag' 'B3g' 'B1g' 'B2g' 'Ag' 'B1u' 'B2u' 'Au'
 'B3u' 'B1u' 'B2u' 'Au' 'B3u' 'B1u' 'B2u' 'B3u' 'Ag' 'B3g' 'B1g' 'B2g'
 'Ag' 'B2u' 'B1u' 'B3u' 'B1u' 'B2u' 'Au' 'B3u' 'B1u' 'B2u' 'B3u' 'B1u'
 'B2u' 'Au' 'B3u' 'B1u' 'B2u' 'Au' 'B3u' 'B1u' 'B2u' 'Au' 'B3u' 'B1u'
 'B2u' 'B3u' 'Ag' 'B3g' 'B1g' 'B2g' 'Ag' 'B3g' 'B1g' 'B2g' 'Ag' 'B3g'
 'B1g' 'B2g' 'Ag' 'Ag' 'Ag' 'B3g' 'B1g' 'B2g' 'Ag' 'B3g' 'B1g' 'B2g' 'Ag'
 'B1u' 'B2u' 'Au' 'B3u' 'B1u' 'B2u' 'Au' 'B3u' 'B1u' 'B2u' 'B3u' 'Ag'
 'B3g' 'B1g' 'B2g' 'Ag' 'Ag' 'B3g' 'B1g' 'B2g' 'Ag' 'B3g' 'B1g' 'B2g' 'Ag'
 'B3g' 'B1g' 'B2g' 'Ag' 'B3g' 'B1g' 'B2g' 'Ag' 'B2u' 'B1u' 'B3u' 'B1u'
 'B2u' 'Au' 'B3u' 'B1u' 'B2u' 'B3u' 'B1u' 'B2u' 'Au' 'B3u' 'B1u' 'B2u'
 'Au' 'B3u' 'B1u' 'B2u' 'Au' 'B3u' 'B1u' 'B2u' 'B3u' 'Ag' 'B3g' 'B1g'
 'B2g' 'Ag' 'B3g' 'B1g' 'B2g' 'Ag' 'Ag' 'B3g' 'B1g' 'B2g' 'Ag' 'B3g' 'B1g'
 'B2g' 'Ag' 'B3g' 'B1g' 'B2g' 'Ag' 'Ag' 'Ag' 'B3g' 'B1g' 'B2g' 'B1u' 'B2u'
 'Ag' 'Au' 'B3u' 'B1u' 'B2u' 'Au' 'B3u' 'B1u' 'B2u' 'B3u' 'B2u' 'B1u'
 'B3u' 'B1u' 'B2u' 'Au' 'B3u' 'B1u' 'B2u' 'B3u' 'B2u' 'B1u' 'B3u' 'Ag'
 'B3g' 'B1g' 'B2g' 'Ag' 'B3g' 'B1g' 'B2g' 'Ag' 'Ag' 'B3g' 'B1g' 'B2g' 'Ag'
 'Ag' 'B1u' 'B2u' 'Au' 'B3u' 'B1u' 'B2u' 'B3u' 'B1u' 'B2u' 'Au' 'B3u'
 'B1u' 'B2u' 'Au' 'B3u' 'B1u' 'B2u' 'B3u' 'B2u' 'B1u' 'B3u' 'Ag' 'B3g'
 'B1g' 'B2g' 'Ag' 'Ag' 'B3g' 'B1g' 'B2g' 'Ag' 'B3g' 'B1g' 'B2g' 'Ag' 'Ag'
 'B2u' 'B1u' 'B3u' 'B1u' 'B2u' 'Au' 'B3u' 'B1u' 'B2u' 'B3u' 'Ag' 'B3g'
 'B1g' 'B2g' 'Ag' 'B3g' 'B1g' 'B2g' 'Ag' 'B3g' 'B1g' 'B2g' 'Ag' 'B1u'
 'B2u' 'Au' 'B3u' 'B1u' 'B2u' 'Au' 'B3u' 'B1u' 'B2u' 'B3u' 'B2u' 'B1u'
 'B3u' 'Ag' 'B3g' 'B1g' 'B2g' 'Ag' 'B1u' 'B2u' 'Au' 'B3u' 'B1u' 'B2u'
 'B3u' 'Ag' 'Ag' 'B3g' 'B1g' 'B2g' 'Ag' 'B3g' 'B1g' 'B2g' 'Ag' 'B2u' 'B1u'
 'B3u' 'B1u' 'B2u' 'Au' 'B3u' 'B1u' 'B2u' 'Au' 'B3u' 'B1u' 'B2u' 'Au'
 'B3u' 'B1u' 'B2u' 'B3u' 'Ag' 'B3g' 'B1g' 'B2g' 'Ag' 'B2u' 'B1u' 'B3u'
 'B1u' 'B2u' 'Au' 'B3u' 'B1u' 'B2u' 'Au' 'B3u' 'B1u' 'B2u' 'B3u' 'Ag'
 'B3g' 'B1g' 'B2g' 'Ag' 'B3g' 'B1g' 'B2g' 'Ag' 'B3g' 'B1g' 'B2g' 'Ag'
 'B1u' 'B2u' 'Au' 'B3u' 'B1u' 'B2u' 'B3u' 'Ag' 'B2u' 'B1u' 'B3u' 'Ag'
 'B3g' 'B1g' 'B2g' 'Ag' 'B3g' 'B1g' 'B2g' 'Ag' 'Ag' 'B3g' 'B1g' 'B2g' 'Ag'
 'B2u' 'B1u' 'B3u' 'B1u' 'B2u' 'Au' 'B3u' 'B1u' 'B2u' 'B3u' 'B2u' 'B1u'
 'B3u' 'Ag' 'Ag' 'B3g' 'B1g' 'B2g' 'Ag' 'B2u' 'B1u' 'B3u' 'Ag' 'B2u' 'B1u'
 'B3u' 'B2u' 'B1u' 'B3u' 'Ag' 'Ag' 'Ag' 'Ag' 'Ag' 'Ag']
irreps of each MO ['Ag' 'Ag' 'B3u' 'B1u' 'B2u' 'B3u' 'Ag' 'B1u' 'B2u' 'B3u' 'Ag' 'B3g' 'B1g'
 'B2g' 'Ag' 'B1u' 'B2u' 'Ag' 'B1u' 'B2u' 'Au' 'B3u' 'B1u' 'B2u' 'B3u'
 'B3u' 'B1u' 'B2u' 'Ag' 'B1g' 'B2g' 'Ag' 'B3g' 'Ag' 'B3g' 'B1g' 'B2g' 'Ag'
 'B3g' 'B1g' 'B2g' 'Ag' 'Ag' 'B3u' 'B1u' 'B2u' 'Ag' 'B1g' 'B2g' 'Ag' 'B3g'
 'B1u' 'B2u' 'Au' 'B3u' 'B1u' 'B2u' 'B3u' 'B1u' 'B2u' 'Au' 'B3u' 'B1u'
 'B2u' 'Au' 'B3u' 'B1u' 'B2u' 'B3u' 'Ag' 'B3g' 'B1g' 'B2g' 'Ag' 'B3g'
 'B1g' 'B2g' 'Ag' 'B3u' 'B1u' 'B2u' 'Ag' 'B1g' 'B2g' 'Ag' 'B3g' 'Ag' 'B1u'
 'B2u' 'Au' 'B3u' 'B1u' 'B2u' 'B3u' 'Ag' 'B3g' 'B1g' 'B2g' 'Ag' 'B3g'
 'B1g' 'B2g' 'Ag' 'B3g' 'B1g' 'B2g' 'Ag' 'Ag' 'B3g' 'B1g' 'B2g' 'Ag' 'B3g'
 'B1g' 'B2g' 'Ag' 'B1u' 'B2u' 'Au' 'B3u' 'B1u' 'B2u' 'Au' 'B3u' 'B1u'
 'B2u' 'B3u' 'Ag' 'B3g' 'B1g' 'B2g' 'Ag' 'B1u' 'B2u' 'B3u' 'B1u' 'B2u'
 'Au' 'B3u' 'B1u' 'B2u' 'Au' 'B3u' 'B1u' 'B2u' 'Au' 'B3u' 'B1u' 'B2u'
 'B3u' 'B1u' 'B2u' 'Au' 'B3u' 'B1u' 'B2u' 'B3u' 'Ag' 'Ag' 'B3g' 'B1g'
 'B2g' 'Ag' 'B3g' 'B1g' 'B2g' 'Ag' 'B3g' 'B1g' 'B2g' 'Ag' 'Ag' 'B3g' 'B1g'
 'B2g' 'Ag' 'B3g' 'B1g' 'B2g' 'Ag' 'Ag' 'B3g' 'B1g' 'B2g' 'Ag' 'B3g' 'B1g'
 'B2g' 'Ag' 'B3g' 'B1g' 'B2g' 'Ag' 'B3g' 'B1g' 'B2g' 'Ag' 'B1u' 'B2u' 'Au'
 'B3u' 'B1u' 'B2u' 'Au' 'B3u' 'B1u' 'B2u' 'B3u' 'Ag' 'B3g' 'B1g' 'B2g'
 'Ag' 'B1u' 'B2u' 'B3u' 'B1u' 'B2u' 'Au' 'B3u' 'B1u' 'B2u' 'B3u' 'B1u'
 'B2u' 'Au' 'B3u' 'B1u' 'B2u' 'Au' 'B3u' 'B1u' 'B2u' 'Au' 'B3u' 'B1u'
 'B2u' 'B3u' 'Ag' 'B3g' 'B1g' 'B2g' 'Ag' 'B3g' 'B1g' 'B2g' 'Ag' 'B3g'
 'B1g' 'B2g' 'Ag' 'Ag' 'Ag' 'B3g' 'B1g' 'B2g' 'Ag' 'B3g' 'B1g' 'B2g' 'Ag'
 'B1u' 'B2u' 'Au' 'B3u' 'B1u' 'B2u' 'Au' 'B3u' 'B1u' 'B2u' 'B3u' 'Ag'
 'B3g' 'B1g' 'B2g' 'Ag' 'Ag' 'B3g' 'B1g' 'B2g' 'Ag' 'B3g' 'B1g' 'B2g' 'Ag'
 'B3g' 'B1g' 'B2g' 'Ag' 'B3g' 'B1g' 'B2g' 'Ag' 'B1u' 'B2u' 'B3u' 'B1u'
 'B2u' 'Au' 'B3u' 'B1u' 'B2u' 'B3u' 'B1u' 'B2u' 'Au' 'B3u' 'B1u' 'B2u'
 'Au' 'B3u' 'B1u' 'B2u' 'Au' 'B3u' 'B1u' 'B2u' 'B3u' 'Ag' 'B3g' 'B1g'
 'B2g' 'Ag' 'B3g' 'B1g' 'B2g' 'Ag' 'Ag' 'B3g' 'B1g' 'B2g' 'Ag' 'B3g' 'B1g'
 'B2g' 'Ag' 'B3g' 'B1g' 'B2g' 'Ag' 'Ag' 'Ag' 'B3g' 'B1g' 'B2g' 'Ag' 'B1u'
 'B2u' 'Au' 'B3u' 'B1u' 'B2u' 'Au' 'B3u' 'B1u' 'B2u' 'B3u' 'B1u' 'B2u'
 'B3u' 'B1u' 'B2u' 'Au' 'B3u' 'B1u' 'B2u' 'B3u' 'B1u' 'B2u' 'B3u' 'Ag'
 'B3g' 'B1g' 'B2g' 'Ag' 'B3g' 'B1g' 'B2g' 'Ag' 'Ag' 'B3g' 'B1g' 'B2g' 'Ag'
 'Ag' 'B1u' 'B2u' 'Au' 'B3u' 'B1u' 'B2u' 'B3u' 'B1u' 'B2u' 'Au' 'B3u'
 'B1u' 'B2u' 'Au' 'B3u' 'B1u' 'B2u' 'B3u' 'B1u' 'B2u' 'B3u' 'Ag' 'B3g'
 'B1g' 'B2g' 'Ag' 'Ag' 'B3g' 'B1g' 'B2g' 'Ag' 'B3g' 'B1g' 'B2g' 'Ag' 'Ag'
 'B1u' 'B2u' 'B3u' 'B1u' 'B2u' 'Au' 'B3u' 'B1u' 'B2u' 'B3u' 'Ag' 'B3g'
 'B1g' 'B2g' 'Ag' 'B3g' 'B1g' 'B2g' 'Ag' 'B3g' 'B1g' 'B2g' 'Ag' 'B1u'
 'B2u' 'Au' 'B3u' 'B1u' 'B2u' 'Au' 'B3u' 'B1u' 'B2u' 'B3u' 'B1u' 'B2u'
 'B3u' 'Ag' 'B3g' 'B1g' 'B2g' 'Ag' 'B1u' 'B2u' 'Au' 'B3u' 'B1u' 'B2u'
 'B3u' 'Ag' 'Ag' 'B3g' 'B1g' 'B2g' 'Ag' 'B3g' 'B1g' 'B2g' 'Ag' 'B2u' 'B1u'
 'B3u' 'B1u' 'B2u' 'Au' 'B3u' 'B1u' 'B2u' 'Au' 'B3u' 'B1u' 'B2u' 'Au'
 'B3u' 'B1u' 'B2u' 'B3u' 'Ag' 'B3g' 'B1g' 'B2g' 'Ag' 'B2u' 'B1u' 'B3u'
 'B1u' 'B2u' 'Au' 'B3u' 'B1u' 'B2u' 'Au' 'B3u' 'B1u' 'B2u' 'B3u' 'Ag'
 'B3g' 'B1g' 'B2g' 'Ag' 'B3g' 'B1g' 'B2g' 'Ag' 'B3g' 'B1g' 'B2g' 'Ag'
 'B1u' 'B2u' 'Au' 'B3u' 'B1u' 'B2u' 'B3u' 'Ag' 'B2u' 'B1u' 'B3u' 'Ag'
 'B3g' 'B1g' 'B2g' 'Ag' 'B3g' 'B1g' 'B2g' 'Ag' 'Ag' 'B3g' 'B1g' 'B2g' 'Ag'
 'B2u' 'B1u' 'B3u' 'B1u' 'B2u' 'Au' 'B3u' 'B1u' 'B2u' 'B3u' 'B2u' 'B1u'
 'B3u' 'Ag' 'Ag' 'B3g' 'B1g' 'B2g' 'Ag' 'B2u' 'B1u' 'B3u' 'Ag' 'B2u' 'B1u'
 'B3u' 'B2u' 'B1u' 'B3u' 'Ag' 'Ag' 'Ag' 'Ag' 'Ag' 'Ag']
irreps of each MO ['Ag' 'Ag' 'B3u' 'B1u' 'B2u' 'B2u' 'B1u' 'B3u' 'Ag' 'B2u' 'B1u' 'B3u'
 'B3g' 'Ag' 'B2g' 'B1g' 'Ag' 'Ag' 'B2u' 'B1u' 'B2u' 'B1u' 'B3u' 'Au' 'B3u'
 'B2u' 'B1u' 'B3u' 'B3g' 'Ag' 'B2g' 'B1g' 'Ag' 'B3g' 'Ag' 'B2g' 'B1g'
 'B3g' 'Ag' 'B2g' 'B1g' 'Ag' 'Ag' 'B2u' 'B1u' 'B3u' 'Ag' 'B3g' 'B2g' 'B1g'
 'Ag' 'B2u' 'B1u' 'Au' 'B3u' 'B2u' 'B1u' 'B3u' 'B2u' 'B1u' 'Au' 'B3u'
 'B2u' 'B1u' 'B3u' 'Au' 'B1u' 'B2u' 'B3u' 'Ag' 'B3g' 'B2g' 'B1g' 'Ag'
 'B3g' 'B2g' 'B1g' 'Ag' 'B2u' 'B1u' 'B3g' 'Ag' 'B2g' 'B1g' 'B3u' 'Ag' 'Ag'
 'B1u' 'B2u' 'Au' 'B3u' 'B2u' 'B1u' 'B3u' 'Ag' 'B3g' 'B2g' 'B1g' 'B3g'
 'Ag' 'B2g' 'B1g' 'B3g' 'Ag' 'B2g' 'B1g' 'Ag' 'B3g' 'Ag' 'B1g' 'B2g' 'B3g'
 'Ag' 'B2g' 'B1g' 'Ag' 'B1u' 'B2u' 'Au' 'B3u' 'B2u' 'B1u' 'B3u' 'Au' 'B2u'
 'B1u' 'B3u' 'Ag' 'B3g' 'B2g' 'B1g' 'Ag' 'B2u' 'B1u' 'B3u' 'B1u' 'B2u'
 'Au' 'B3u' 'B2u' 'B1u' 'B3u' 'Au' 'B1u' 'B2u' 'B3u' 'Au' 'B2u' 'B1u'
 'B3u' 'B2u' 'B1u' 'Au' 'B3u' 'B2u' 'B1u' 'B3u' 'Ag' 'B3g' 'Ag' 'B1g'
 'B2g' 'B3g' 'Ag' 'B2g' 'B1g' 'Ag' 'B3g' 'B2g' 'B1g' 'Ag' 'B3g' 'Ag' 'B2g'
 'B1g' 'B3g' 'Ag' 'B1g' 'B2g' 'Ag' 'Ag' 'B3g' 'B1g' 'B2g' 'Ag' 'B3g' 'B2g'
 'B1g' 'Ag' 'B3g' 'B1g' 'B2g' 'Ag' 'B3g' 'B1g' 'B2g' 'Ag' 'B1u' 'B2u' 'Au'
 'B3u' 'B2u' 'B1u' 'B3u' 'Au' 'B1u' 'B2u' 'B3u' 'B3g' 'Ag' 'B2g' 'B1g'
 'Ag' 'B2u' 'B1u' 'B3u' 'B1u' 'B2u' 'Au' 'B3u' 'B2u' 'B1u' 'B3u' 'B2u'
 'B1u' 'Au' 'B3u' 'B2u' 'B1u' 'Au' 'B3u' 'B2u' 'B1u' 'Au' 'B3u' 'B2u'
 'B1u' 'B3u' 'Ag' 'B3g' 'B1g' 'B2g' 'Ag' 'B3g' 'B1g' 'B2g' 'B3g' 'Ag'
 'B1g' 'B2g' 'Ag' 'Ag' 'Ag' 'B3g' 'B2g' 'B1g' 'B3g' 'Ag' 'B1g' 'B2g' 'Ag'
 'B2u' 'B1u' 'Au' 'B3u' 'B1u' 'B2u' 'B3u' 'Au' 'B2u' 'B1u' 'B3u' 'Ag'
 'B3g' 'B2g' 'B1g' 'Ag' 'Ag' 'B3g' 'B1g' 'B2g' 'B3g' 'Ag' 'B1g' 'B2g'
 'B3g' 'Ag' 'B2g' 'B1g' 'Ag' 'B3g' 'B2g' 'B1g' 'Ag' 'B2u' 'B1u' 'B3u'
 'B2u' 'B1u' 'B3u' 'Au' 'B2u' 'B1u' 'B3u' 'B2u' 'B1u' 'Au' 'B3u' 'B2u'
 'B1u' 'B3u' 'Au' 'B1u' 'B2u' 'Au' 'B3u' 'B2u' 'B1u' 'B3u' 'B3g' 'Ag'
 'B2g' 'B1g' 'B3g' 'Ag' 'B1g' 'B2g' 'Ag' 'Ag' 'B3g' 'B1g' 'B2g' 'Ag' 'B3g'
 'B1g' 'B2g' 'B3g' 'Ag' 'B1g' 'B2g' 'Ag' 'Ag' 'Ag' 'B3g' 'B2g' 'B1g' 'B2u'
 'B1u' 'Ag' 'B3u' 'Au' 'B1u' 'B2u' 'B3u' 'Au' 'B2u' 'B1u' 'B3u' 'B2u'
 'B1u' 'B3u' 'B2u' 'B1u' 'Au' 'B3u' 'B2u' 'B1u' 'B3u' 'B2u' 'B1u' 'B3u'
 'Ag' 'B3g' 'B2g' 'B1g' 'B3g' 'Ag' 'B1g' 'B2g' 'Ag' 'Ag' 'B3g' 'B1g' 'B2g'
 'Ag' 'Ag' 'B2u' 'B1u' 'Au' 'B3u' 'B1u' 'B2u' 'B3u' 'B2u' 'B1u' 'Au' 'B3u'
 'B2u' 'B1u' 'Au' 'B3u' 'B1u' 'B2u' 'B3u' 'B2u' 'B1u' 'B3u' 'Ag' 'B3g'
 'B1g' 'B2g' 'Ag' 'Ag' 'B3g' 'B1g' 'B2g' 'B3g' 'Ag' 'B1g' 'B2g' 'Ag' 'Ag'
 'B2u' 'B1u' 'B3u' 'B2u' 'B1u' 'Au' 'B3u' 'B1u' 'B2u' 'B3u' 'Ag' 'B3g'
 'B1g' 'B2g' 'Ag' 'B3g' 'B2g' 'B1g' 'Ag' 'B3g' 'B1g' 'B2g' 'Ag' 'B2u'
 'B1u' 'B3u' 'Au' 'B1u' 'B2u' 'Au' 'B3u' 'B1u' 'B2u' 'B3u' 'B2u' 'B1u'
 'B3u' 'Ag' 'B3g' 'B2g' 'B1g' 'Ag' 'B2u' 'B1u' 'Au' 'B3u' 'B1u' 'B2u'
 'B3u' 'Ag' 'Ag' 'B3g' 'B1g' 'B2g' 'Ag' 'B3g' 'B1g' 'B2g' 'Ag' 'B2u' 'B1u'
 'B3u' 'B2u' 'B1u' 'Au' 'B3u' 'B1u' 'B2u' 'B3u' 'Au' 'B1u' 'B2u' 'Au'
 'B3u' 'B1u' 'B2u' 'B3u' 'Ag' 'B3g' 'B2g' 'B1g' 'Ag' 'B2u' 'B1u' 'B3u'
 'B2u' 'B1u' 'B3u' 'Au' 'B2u' 'B1u' 'B3u' 'Au' 'B2u' 'B1u' 'B3u' 'B3g'
 'Ag' 'B2g' 'B1g' 'B3g' 'Ag' 'B2g' 'B1g' 'Ag' 'B3g' 'B2g' 'B1g' 'Ag' 'B1u'
 'B2u' 'Au' 'B3u' 'B2u' 'B1u' 'B3u' 'Ag' 'B2u' 'B1u' 'B3u' 'B3g' 'Ag'
 'B1g' 'B2g' 'B3g' 'Ag' 'B1g' 'B2g' 'Ag' 'Ag' 'B3g' 'B2g' 'B1g' 'Ag' 'B2u'
 'B1u' 'B3u' 'B1u' 'B2u' 'Au' 'B3u' 'B2u' 'B1u' 'B3u' 'B2u' 'B1u' 'B3u'
 'Ag' 'Ag' 'B3g' 'B2g' 'B1g' 'Ag' 'B2u' 'B1u' 'B3u' 'Ag' 'B2u' 'B1u' 'B3u'
 'B2u' 'B1u' 'B3u' 'Ag' 'Ag' 'Ag' 'Ag' 'Ag' 'Ag']
