#INFO: **** input file is /scratch/jaafar1/PySCF-MRCC/Oxygen/Cation/+1/aCV7Z-U/NR/input.py ****
import pyscf
from pyscf import cc, lib, tools, scf, symm, ao2mo
from pyscf.gto.basis import parse_gaussian
from pyscf.cc.mrcc import MRCCInterface
from pyscf.scf import atom_hf, hf

name = 'out'
mol = pyscf.M(
    atom = '''
        O
    ''',
    unit = 'angstrom',
    basis = {
            'O' : parse_gaussian.load('O-aCV7Z-FELLER-U.gbs', 'O')
    },
    charge = 1,
    spin = 3,
    symmetry = True,
    verbose = 9,
    symmetry_subgroup = 'D2h',
    output = name +'.txt',
    max_memory = 755000,
)

mf = mol.UHF().set(
    conv_tol=1e-8,
    max_cycle=9999,
    ddm_tol=1e-9,
    direct_scf=False,
    chkfile='/home/jaafar1/links/scratch/PySCF-MRCC/Oxygen/Cation/+1/aCV7Z-U/NR/out.chk',
    init_guess='chk',
    irrep_nelec={'Ag': 4, 'B3u': 1, 'B2u': 1, 'B1u': 1}
)

mf.kernel()

#pyscf.tools.fcidump.from_chkfile_uhf('fort.55',name+'.chk',tol=1e-18, float_format='% 0.20E',molpro_orbsym=False,orbsym=None)
pyscf.tools.fcidump.from_scf_uhf(mf,'fort.55',tol=1e-18, float_format='% 0.20E',molpro_orbsym=False)
#INFO: ******************** input file end ********************


System: uname_result(system='Linux', node='tri0046', release='5.14.0-570.25.1.el9_6.x86_64', version='#1 SMP PREEMPT_DYNAMIC Mon Jul 7 18:09:10 UTC 2025', machine='x86_64')  Threads 192
Python 3.13.2 (main, Feb  5 2025, 15:06:39) [GCC 13.3.0]
numpy 2.2.2  scipy 1.15.1  h5py 3.13.0
Date: Sat Oct  4 05:55:21 2025
PySCF version 2.10.0
PySCF path  /home/jaafar1/links/projects/rrg-tzeng/jaafar1/VENV/MRCCInterface/lib/python3.13/site-packages/pyscf

[CONFIG] ARGPARSE = False
[CONFIG] DEBUG = False
[CONFIG] MAX_MEMORY = 4000
[CONFIG] TMPDIR = /tmp
[CONFIG] UNIT = angstrom
[CONFIG] VERBOSE = 3
[CONFIG] conf_file = None
[INPUT] verbose = 9
[INPUT] max_memory = 755000 
[INPUT] num. atoms = 1
[INPUT] num. electrons = 7
[INPUT] charge = 1
[INPUT] spin (= nelec alpha-beta = 2S) = 3
[INPUT] symmetry True subgroup D2h
[INPUT] Mole.unit = angstrom
[INPUT] Symbol           X                Y                Z      unit          X                Y                Z       unit  Magmom
[INPUT]  1 O      0.000000000000   0.000000000000   0.000000000000 AA    0.000000000000   0.000000000000   0.000000000000 Bohr   0.0
[INPUT] ---------------- BASIS SET ---------------- 
[INPUT] l, kappa, [nprim/nctr], expnt,             c_1 c_2 ...
[INPUT] O
[INPUT] 0    0    [1    /1   ]  1678790              1
[INPUT] 0    0    [1    /1   ]  251388               1
[INPUT] 0    0    [1    /1   ]  57213.7              1
[INPUT] 0    0    [1    /1   ]  16207.4              1
[INPUT] 0    0    [1    /1   ]  5288.28              1
[INPUT] 0    0    [1    /1   ]  1909.48              1
[INPUT] 0    0    [1    /1   ]  744.923              1
[INPUT] 0    0    [1    /1   ]  482.933              1
[INPUT] 0    0    [1    /1   ]  309.075              1
[INPUT] 0    0    [1    /1   ]  262.463              1
[INPUT] 0    0    [1    /1   ]  142.643              1
[INPUT] 0    0    [1    /1   ]  134.864              1
[INPUT] 0    0    [1    /1   ]  77.523               1
[INPUT] 0    0    [1    /1   ]  61.3313              1
[INPUT] 0    0    [1    /1   ]  42.132               1
[INPUT] 0    0    [1    /1   ]  28.838               1
[INPUT] 0    0    [1    /1   ]  22.898               1
[INPUT] 0    0    [1    /1   ]  13.945               1
[INPUT] 0    0    [1    /1   ]  6.89908              1
[INPUT] 0    0    [1    /1   ]  3.43158              1
[INPUT] 0    0    [1    /1   ]  1.53984              1
[INPUT] 0    0    [1    /1   ]  0.709751             1
[INPUT] 0    0    [1    /1   ]  0.323047             1
[INPUT] 0    0    [1    /1   ]  0.144222             1
[INPUT] 0    0    [1    /1   ]  0.05547              1
[INPUT] 1    0    [1    /1   ]  1349.06              1
[INPUT] 1    0    [1    /1   ]  521.189              1
[INPUT] 1    0    [1    /1   ]  319.457              1
[INPUT] 1    0    [1    /1   ]  261.289              1
[INPUT] 1    0    [1    /1   ]  130.992              1
[INPUT] 1    0    [1    /1   ]  103.78               1
[INPUT] 1    0    [1    /1   ]  65.671               1
[INPUT] 1    0    [1    /1   ]  39.6282              1
[INPUT] 1    0    [1    /1   ]  32.923               1
[INPUT] 1    0    [1    /1   ]  16.6614              1
[INPUT] 1    0    [1    /1   ]  16.505               1
[INPUT] 1    0    [1    /1   ]  7.46417              1
[INPUT] 1    0    [1    /1   ]  3.50933              1
[INPUT] 1    0    [1    /1   ]  1.69568              1
[INPUT] 1    0    [1    /1   ]  0.822742             1
[INPUT] 1    0    [1    /1   ]  0.395733             1
[INPUT] 1    0    [1    /1   ]  0.187644             1
[INPUT] 1    0    [1    /1   ]  0.085841             1
[INPUT] 1    0    [1    /1   ]  0.028614             1
[INPUT] 2    0    [1    /1   ]  390.029              1
[INPUT] 2    0    [1    /1   ]  191.817              1
[INPUT] 2    0    [1    /1   ]  94.336               1
[INPUT] 2    0    [1    /1   ]  46.395               1
[INPUT] 2    0    [1    /1   ]  22.817               1
[INPUT] 2    0    [1    /1   ]  10.0643              1
[INPUT] 2    0    [1    /1   ]  4.84326              1
[INPUT] 2    0    [1    /1   ]  2.33073              1
[INPUT] 2    0    [1    /1   ]  1.12162              1
[INPUT] 2    0    [1    /1   ]  0.53976              1
[INPUT] 2    0    [1    /1   ]  0.25975              1
[INPUT] 2    0    [1    /1   ]  0.1039               1
[INPUT] 3    0    [1    /1   ]  239.218              1
[INPUT] 3    0    [1    /1   ]  103.223              1
[INPUT] 3    0    [1    /1   ]  44.541               1
[INPUT] 3    0    [1    /1   ]  19.22                1
[INPUT] 3    0    [1    /1   ]  6.91171              1
[INPUT] 3    0    [1    /1   ]  3.41994              1
[INPUT] 3    0    [1    /1   ]  1.6922               1
[INPUT] 3    0    [1    /1   ]  0.83731              1
[INPUT] 3    0    [1    /1   ]  0.414305             1
[INPUT] 3    0    [1    /1   ]  0.172627             1
[INPUT] 4    0    [1    /1   ]  161.389              1
[INPUT] 4    0    [1    /1   ]  62.049               1
[INPUT] 4    0    [1    /1   ]  23.856               1
[INPUT] 4    0    [1    /1   ]  7.23799              1
[INPUT] 4    0    [1    /1   ]  3.41576              1
[INPUT] 4    0    [1    /1   ]  1.61197              1
[INPUT] 4    0    [1    /1   ]  0.760721             1
[INPUT] 4    0    [1    /1   ]  0.345782             1
[INPUT] 5    0    [1    /1   ]  112.323              1
[INPUT] 5    0    [1    /1   ]  37.616               1
[INPUT] 5    0    [1    /1   ]  5.73311              1
[INPUT] 5    0    [1    /1   ]  2.58248              1
[INPUT] 5    0    [1    /1   ]  1.16328              1
[INPUT] 5    0    [1    /1   ]  0.58164              1
[INPUT] 6    0    [1    /1   ]  73.62                1
[INPUT] 6    0    [1    /1   ]  4.813                1
[INPUT] 6    0    [1    /1   ]  2.078                1
[INPUT] 6    0    [1    /1   ]  1.039                1
[INPUT] 7    0    [1    /1   ]  3.123                1
[INPUT] 7    0    [1    /1   ]  1.232                1

nuclear repulsion = 0
point group symmetry = SO3, use subgroup D2h
symmetry origin: [0. 0. 0.]
symmetry axis x: [1. 0. 0.]
symmetry axis y: [0. 1. 0.]
symmetry axis z: [0. 0. 1.]
num. orbitals of irrep Ag = 89
num. orbitals of irrep B1g = 40
num. orbitals of irrep B2g = 40
num. orbitals of irrep B3g = 40
num. orbitals of irrep Au = 28
num. orbitals of irrep B1u = 65
num. orbitals of irrep B2u = 65
num. orbitals of irrep B3u = 65
number of shells = 86
number of NR pGTOs = 432
number of NR cGTOs = 432
basis = {'O': [[0, [1678790.0, 1.0]], [0, [251388.0, 1.0]], [0, [57213.7, 1.0]], [0, [16207.4, 1.0]], [0, [5288.28, 1.0]], [0, [1909.48, 1.0]], [0, [744.923, 1.0]], [0, [482.933, 1.0]], [0, [309.075, 1.0]], [0, [262.463, 1.0]], [0, [142.643, 1.0]], [0, [134.864, 1.0]], [0, [77.523, 1.0]], [0, [61.3313, 1.0]], [0, [42.132, 1.0]], [0, [28.838, 1.0]], [0, [22.898, 1.0]], [0, [13.945, 1.0]], [0, [6.89908, 1.0]], [0, [3.43158, 1.0]], [0, [1.53984, 1.0]], [0, [0.709751, 1.0]], [0, [0.323047, 1.0]], [0, [0.144222, 1.0]], [0, [0.05547, 1.0]], [1, [1349.06, 1.0]], [1, [521.189, 1.0]], [1, [319.457, 1.0]], [1, [261.289, 1.0]], [1, [130.992, 1.0]], [1, [103.78, 1.0]], [1, [65.671, 1.0]], [1, [39.6282, 1.0]], [1, [32.923, 1.0]], [1, [16.6614, 1.0]], [1, [16.505, 1.0]], [1, [7.46417, 1.0]], [1, [3.50933, 1.0]], [1, [1.69568, 1.0]], [1, [0.822742, 1.0]], [1, [0.395733, 1.0]], [1, [0.187644, 1.0]], [1, [0.085841, 1.0]], [1, [0.028614, 1.0]], [2, [390.029, 1.0]], [2, [191.817, 1.0]], [2, [94.336, 1.0]], [2, [46.395, 1.0]], [2, [22.817, 1.0]], [2, [10.0643, 1.0]], [2, [4.84326, 1.0]], [2, [2.33073, 1.0]], [2, [1.12162, 1.0]], [2, [0.53976, 1.0]], [2, [0.25975, 1.0]], [2, [0.1039, 1.0]], [3, [239.218, 1.0]], [3, [103.223, 1.0]], [3, [44.541, 1.0]], [3, [19.22, 1.0]], [3, [6.91171, 1.0]], [3, [3.41994, 1.0]], [3, [1.6922, 1.0]], [3, [0.83731, 1.0]], [3, [0.414305, 1.0]], [3, [0.172627, 1.0]], [4, [161.389, 1.0]], [4, [62.049, 1.0]], [4, [23.856, 1.0]], [4, [7.23799, 1.0]], [4, [3.41576, 1.0]], [4, [1.61197, 1.0]], [4, [0.760721, 1.0]], [4, [0.345782, 1.0]], [5, [112.323, 1.0]], [5, [37.616, 1.0]], [5, [5.73311, 1.0]], [5, [2.58248, 1.0]], [5, [1.16328, 1.0]], [5, [0.58164, 1.0]], [6, [73.62, 1.0]], [6, [4.813, 1.0]], [6, [2.078, 1.0]], [6, [1.039, 1.0]], [7, [3.123, 1.0]], [7, [1.232, 1.0]]]}
ecp = {}
bas 0, expnt(s) = [1678790.]
bas 1, expnt(s) = [251388.]
bas 2, expnt(s) = [57213.7]
bas 3, expnt(s) = [16207.4]
bas 4, expnt(s) = [5288.28]
bas 5, expnt(s) = [1909.48]
bas 6, expnt(s) = [744.923]
bas 7, expnt(s) = [482.933]
bas 8, expnt(s) = [309.075]
bas 9, expnt(s) = [262.463]
bas 10, expnt(s) = [142.643]
bas 11, expnt(s) = [134.864]
bas 12, expnt(s) = [77.523]
bas 13, expnt(s) = [61.3313]
bas 14, expnt(s) = [42.132]
bas 15, expnt(s) = [28.838]
bas 16, expnt(s) = [22.898]
bas 17, expnt(s) = [13.945]
bas 18, expnt(s) = [6.89908]
bas 19, expnt(s) = [3.43158]
bas 20, expnt(s) = [1.53984]
bas 21, expnt(s) = [0.709751]
bas 22, expnt(s) = [0.323047]
bas 23, expnt(s) = [0.144222]
bas 24, expnt(s) = [0.05547]
bas 25, expnt(s) = [1349.06]
bas 26, expnt(s) = [521.189]
bas 27, expnt(s) = [319.457]
bas 28, expnt(s) = [261.289]
bas 29, expnt(s) = [130.992]
bas 30, expnt(s) = [103.78]
bas 31, expnt(s) = [65.671]
bas 32, expnt(s) = [39.6282]
bas 33, expnt(s) = [32.923]
bas 34, expnt(s) = [16.6614]
bas 35, expnt(s) = [16.505]
bas 36, expnt(s) = [7.46417]
bas 37, expnt(s) = [3.50933]
bas 38, expnt(s) = [1.69568]
bas 39, expnt(s) = [0.822742]
bas 40, expnt(s) = [0.395733]
bas 41, expnt(s) = [0.187644]
bas 42, expnt(s) = [0.085841]
bas 43, expnt(s) = [0.028614]
bas 44, expnt(s) = [390.029]
bas 45, expnt(s) = [191.817]
bas 46, expnt(s) = [94.336]
bas 47, expnt(s) = [46.395]
bas 48, expnt(s) = [22.817]
bas 49, expnt(s) = [10.0643]
bas 50, expnt(s) = [4.84326]
bas 51, expnt(s) = [2.33073]
bas 52, expnt(s) = [1.12162]
bas 53, expnt(s) = [0.53976]
bas 54, expnt(s) = [0.25975]
bas 55, expnt(s) = [0.1039]
bas 56, expnt(s) = [239.218]
bas 57, expnt(s) = [103.223]
bas 58, expnt(s) = [44.541]
bas 59, expnt(s) = [19.22]
bas 60, expnt(s) = [6.91171]
bas 61, expnt(s) = [3.41994]
bas 62, expnt(s) = [1.6922]
bas 63, expnt(s) = [0.83731]
bas 64, expnt(s) = [0.414305]
bas 65, expnt(s) = [0.172627]
bas 66, expnt(s) = [161.389]
bas 67, expnt(s) = [62.049]
bas 68, expnt(s) = [23.856]
bas 69, expnt(s) = [7.23799]
bas 70, expnt(s) = [3.41576]
bas 71, expnt(s) = [1.61197]
bas 72, expnt(s) = [0.760721]
bas 73, expnt(s) = [0.345782]
bas 74, expnt(s) = [112.323]
bas 75, expnt(s) = [37.616]
bas 76, expnt(s) = [5.73311]
bas 77, expnt(s) = [2.58248]
bas 78, expnt(s) = [1.16328]
bas 79, expnt(s) = [0.58164]
bas 80, expnt(s) = [73.62]
bas 81, expnt(s) = [4.813]
bas 82, expnt(s) = [2.078]
bas 83, expnt(s) = [1.039]
bas 84, expnt(s) = [3.123]
bas 85, expnt(s) = [1.232]
CPU time:         0.29
arg.atm = [[ 8 20  1 23  0  0]]
arg.bas = [[  0   0   1   1   0  24  25   0]
 [  0   0   1   1   0  26  27   0]
 [  0   0   1   1   0  28  29   0]
 [  0   0   1   1   0  30  31   0]
 [  0   0   1   1   0  32  33   0]
 [  0   0   1   1   0  34  35   0]
 [  0   0   1   1   0  36  37   0]
 [  0   0   1   1   0  38  39   0]
 [  0   0   1   1   0  40  41   0]
 [  0   0   1   1   0  42  43   0]
 [  0   0   1   1   0  44  45   0]
 [  0   0   1   1   0  46  47   0]
 [  0   0   1   1   0  48  49   0]
 [  0   0   1   1   0  50  51   0]
 [  0   0   1   1   0  52  53   0]
 [  0   0   1   1   0  54  55   0]
 [  0   0   1   1   0  56  57   0]
 [  0   0   1   1   0  58  59   0]
 [  0   0   1   1   0  60  61   0]
 [  0   0   1   1   0  62  63   0]
 [  0   0   1   1   0  64  65   0]
 [  0   0   1   1   0  66  67   0]
 [  0   0   1   1   0  68  69   0]
 [  0   0   1   1   0  70  71   0]
 [  0   0   1   1   0  72  73   0]
 [  0   1   1   1   0  74  75   0]
 [  0   1   1   1   0  76  77   0]
 [  0   1   1   1   0  78  79   0]
 [  0   1   1   1   0  80  81   0]
 [  0   1   1   1   0  82  83   0]
 [  0   1   1   1   0  84  85   0]
 [  0   1   1   1   0  86  87   0]
 [  0   1   1   1   0  88  89   0]
 [  0   1   1   1   0  90  91   0]
 [  0   1   1   1   0  92  93   0]
 [  0   1   1   1   0  94  95   0]
 [  0   1   1   1   0  96  97   0]
 [  0   1   1   1   0  98  99   0]
 [  0   1   1   1   0 100 101   0]
 [  0   1   1   1   0 102 103   0]
 [  0   1   1   1   0 104 105   0]
 [  0   1   1   1   0 106 107   0]
 [  0   1   1   1   0 108 109   0]
 [  0   1   1   1   0 110 111   0]
 [  0   2   1   1   0 112 113   0]
 [  0   2   1   1   0 114 115   0]
 [  0   2   1   1   0 116 117   0]
 [  0   2   1   1   0 118 119   0]
 [  0   2   1   1   0 120 121   0]
 [  0   2   1   1   0 122 123   0]
 [  0   2   1   1   0 124 125   0]
 [  0   2   1   1   0 126 127   0]
 [  0   2   1   1   0 128 129   0]
 [  0   2   1   1   0 130 131   0]
 [  0   2   1   1   0 132 133   0]
 [  0   2   1   1   0 134 135   0]
 [  0   3   1   1   0 136 137   0]
 [  0   3   1   1   0 138 139   0]
 [  0   3   1   1   0 140 141   0]
 [  0   3   1   1   0 142 143   0]
 [  0   3   1   1   0 144 145   0]
 [  0   3   1   1   0 146 147   0]
 [  0   3   1   1   0 148 149   0]
 [  0   3   1   1   0 150 151   0]
 [  0   3   1   1   0 152 153   0]
 [  0   3   1   1   0 154 155   0]
 [  0   4   1   1   0 156 157   0]
 [  0   4   1   1   0 158 159   0]
 [  0   4   1   1   0 160 161   0]
 [  0   4   1   1   0 162 163   0]
 [  0   4   1   1   0 164 165   0]
 [  0   4   1   1   0 166 167   0]
 [  0   4   1   1   0 168 169   0]
 [  0   4   1   1   0 170 171   0]
 [  0   5   1   1   0 172 173   0]
 [  0   5   1   1   0 174 175   0]
 [  0   5   1   1   0 176 177   0]
 [  0   5   1   1   0 178 179   0]
 [  0   5   1   1   0 180 181   0]
 [  0   5   1   1   0 182 183   0]
 [  0   6   1   1   0 184 185   0]
 [  0   6   1   1   0 186 187   0]
 [  0   6   1   1   0 188 189   0]
 [  0   6   1   1   0 190 191   0]
 [  0   7   1   1   0 192 193   0]
 [  0   7   1   1   0 194 195   0]]
arg.env = [0.00000000e+00 0.00000000e+00 0.00000000e+00 0.00000000e+00
 0.00000000e+00 0.00000000e+00 0.00000000e+00 0.00000000e+00
 0.00000000e+00 0.00000000e+00 0.00000000e+00 0.00000000e+00
 0.00000000e+00 0.00000000e+00 0.00000000e+00 0.00000000e+00
 0.00000000e+00 0.00000000e+00 0.00000000e+00 0.00000000e+00
 0.00000000e+00 0.00000000e+00 0.00000000e+00 0.00000000e+00
 1.67879000e+06 1.17831744e+05 2.51388000e+05 2.83643889e+04
 5.72137000e+04 9.34630717e+03 1.62074000e+04 3.62910921e+03
 5.28828000e+03 1.56675416e+03 1.90948000e+03 7.29795800e+02
 7.44923000e+02 3.60245498e+02 4.82933000e+02 2.60273640e+02
 3.09075000e+02 1.86235699e+02 2.62463000e+02 1.64746460e+02
 1.42643000e+02 1.04280444e+02 1.34864000e+02 9.99855066e+01
 7.75230000e+01 6.60066896e+01 6.13313000e+01 5.53702714e+01
 4.21320000e+01 4.17805431e+01 2.88380000e+01 3.14404590e+01
 2.28980000e+01 2.64461945e+01 1.39450000e+01 1.82317733e+01
 6.89908000e+00 1.07549504e+01 3.43158000e+00 6.36994409e+00
 1.53984000e+00 3.49238185e+00 7.09751000e-01 1.95363998e+00
 3.23047000e-01 1.08259074e+00 1.44222000e-01 5.91273833e-01
 5.54700000e-02 2.88774372e-01 1.34906000e+03 2.38519272e+04
 5.21189000e+02 7.26487998e+03 3.19457000e+02 3.94003340e+03
 2.61289000e+02 3.06468471e+03 1.30992000e+02 1.29282684e+03
 1.03780000e+02 9.66332254e+02 6.56710000e+01 5.45382790e+02
 3.96282000e+01 2.90061324e+02 3.29230000e+01 2.30069286e+02
 1.66614000e+01 9.82027741e+01 1.65050000e+01 9.70518467e+01
 7.46417000e+00 3.59924405e+01 3.50933000e+00 1.40124686e+01
 1.69568000e+00 5.64500414e+00 8.22742000e-01 2.28593553e+00
 3.95733000e-01 9.15666292e-01 1.87644000e-01 3.60290446e-01
 8.58410000e-02 1.35551040e-01 2.86140000e-02 3.43326723e-02
 3.90029000e+02 8.93200506e+04 1.91817000e+02 2.57977483e+04
 9.43360000e+01 7.45100640e+03 4.63950000e+01 2.15205789e+03
 2.28170000e+01 6.21558250e+02 1.00643000e+01 1.48388635e+02
 4.84326000e+00 4.12591720e+01 2.33073000e+00 1.14720314e+01
 1.12162000e+00 3.18977052e+00 5.39760000e-01 8.86912153e-01
 2.59750000e-01 2.46604848e-01 1.03900000e-01 4.96142687e-02
 2.39218000e+02 4.43911643e+05 1.03223000e+02 6.69896077e+04
 4.45410000e+01 1.01092812e+04 1.92200000e+01 1.52565197e+03
 6.91171000e+00 1.52783957e+02 3.41994000e+00 3.13727044e+01
 1.69220000e+00 6.44208819e+00 8.37310000e-01 1.32283138e+00
 4.14305000e-01 2.71631889e-01 1.72627000e-01 3.78882886e-02
 1.61389000e+02 1.55085935e+06 6.20490000e+01 1.11928263e+05
 2.38560000e+01 8.07816230e+03 7.23799000e+00 3.03996473e+02
 3.41576000e+00 3.85486622e+01 1.61197000e+00 4.88821983e+00
 7.60721000e-01 6.19853371e-01 3.45782000e-01 7.08966400e-02
 1.12323000e+02 3.65827216e+06 3.76160000e+01 1.04523452e+05
 5.73311000e+00 2.31217738e+02 2.58248000e+00 1.73130227e+01
 1.16328000e+00 1.29636293e+00 5.81640000e-01 1.36263368e-01
 7.36200000e+01 4.41108447e+06 4.81300000e+00 1.59356784e+02
 2.07800000e+00 6.83096189e+00 1.03900000e+00 5.07714280e-01
 3.12300000e+00 2.87227736e+01 1.23200000e+00 5.51303754e-01]
ecpbas  = []


******** <class 'pyscf.scf.uhf_symm.SymAdaptedUHF'> ********
method = SymAdaptedUHF
initial guess = chk
damping factor = 0
level_shift factor = 0
DIIS = <class 'pyscf.scf.diis.CDIIS'>
diis_start_cycle = 1
diis_space = 8
diis_damp = 0
SCF conv_tol = 1e-08
SCF conv_tol_grad = None
SCF ddm_tol = 1e-09
SCF max_cycles = 9999
direct_scf = False
chkfile to save SCF result = /home/jaafar1/links/scratch/PySCF-MRCC/Oxygen/Cation/+1/aCV7Z-U/NR/out.chk
max_memory 755000 MB (current use 103 MB)
number electrons alpha = 5  beta = 2
irrep_nelec {'Ag': 4, 'B3u': 1, 'B2u': 1, 'B1u': 1}
Freeze 7 electrons in irreps ['Ag', 'B3u', 'B2u', 'B1u']
    0 free electrons in irreps B1g B2g B3g Au
cond(S) = 15386311858.224524

WARN: Singularity detected in overlap matrix (condition number = 1.54e+10). SCF may be inaccurate and hard to converge.

Set gradient conv threshold to 0.0001
Nelec from initial guess = (np.float64(4.999999999999999), np.float64(1.9999999999999998))
E1 = -98.47084824103112  Ecoul = 24.09372844052812
init E= -74.377119800503
    CPU time for initialize scf    561.40 sec, wall time      7.11 sec
alpha HOMO (B1u) = -1.33078631572838  LUMO (Ag) = -0.147868639534975
alpha irrep_nelec = [2, 0, 0, 0, 0, 1, 1, 1]
beta  irrep_nelec = [2, 0, 0, 0, 0, 0, 0, 0]
alpha-Ag nocc = 2  HOMO = -2.07155592713912  LUMO = -0.147868639534975
   mo_energy = [-2.14107784e+01 -2.07155593e+00 -1.47868640e-01  6.47687425e-02
  6.47687425e-02  1.94966306e-01  5.60644162e-01  5.60644162e-01
  1.27586337e+00  1.37258706e+00  1.37258706e+00  1.37258706e+00
  1.65928119e+00  1.65928119e+00  3.96373081e+00  3.96373081e+00
  3.96373081e+00  4.03888447e+00  4.03888447e+00  4.27588268e+00
  6.67818442e+00  6.67818442e+00  6.67818442e+00  6.67818442e+00
  9.12330326e+00  9.12330326e+00  9.27063840e+00  9.27063840e+00
  9.27063840e+00  1.17105056e+01  1.61875856e+01  1.61875856e+01
  1.61875856e+01  1.61875856e+01  2.00197660e+01  2.00197660e+01
  2.04793678e+01  2.04793678e+01  2.04793678e+01  2.79041031e+01
  3.83608935e+01  3.83608935e+01  3.83608935e+01  3.83608935e+01
  4.36779000e+01  4.36779000e+01  4.56178042e+01  4.56178042e+01
  4.56178042e+01  5.85286999e+01  9.66089195e+01  9.66089195e+01
  1.10014151e+02  1.28392481e+02  1.28392481e+02  1.28392481e+02
  1.89958354e+02  2.11651221e+02  2.11651221e+02  3.08729899e+02
  3.56663552e+02  3.56663552e+02  3.56663552e+02  4.55318842e+02
  4.55318842e+02  4.81645383e+02  5.28934839e+02  5.28934839e+02
  5.28934839e+02  5.28934839e+02  7.32017565e+02  9.78312861e+02
  9.78312861e+02  9.87611340e+02  9.87611340e+02  9.87611340e+02
  1.09561480e+03  1.62905820e+03  2.17391249e+03  2.17391249e+03
  2.42542164e+03  3.65276850e+03  5.66967291e+03  9.63249158e+03
  1.96172495e+04  4.97201336e+04  1.54694189e+05  6.03718073e+05
  3.43269793e+06]
alpha-B1g nocc = 0
   mo_energy = [6.47687425e-02 5.60644162e-01 1.37258706e+00 1.37258706e+00
 1.65928119e+00 3.96373081e+00 3.96373081e+00 4.03888447e+00
 6.67818442e+00 6.67818442e+00 6.67818442e+00 9.12330326e+00
 9.27063840e+00 9.27063840e+00 1.61875856e+01 1.61875856e+01
 1.61875856e+01 2.00197660e+01 2.04793678e+01 2.04793678e+01
 3.83608935e+01 3.83608935e+01 3.83608935e+01 4.36779000e+01
 4.56178042e+01 4.56178042e+01 9.66089195e+01 1.28392481e+02
 1.28392481e+02 2.11651221e+02 3.56663552e+02 3.56663552e+02
 4.55318842e+02 5.28934839e+02 5.28934839e+02 5.28934839e+02
 9.78312861e+02 9.87611340e+02 9.87611340e+02 2.17391249e+03]
alpha-B2g nocc = 0
   mo_energy = [6.47687425e-02 5.60644162e-01 1.37258706e+00 1.37258706e+00
 1.65928119e+00 3.96373081e+00 3.96373081e+00 4.03888447e+00
 6.67818442e+00 6.67818442e+00 6.67818442e+00 9.12330326e+00
 9.27063840e+00 9.27063840e+00 1.61875856e+01 1.61875856e+01
 1.61875856e+01 2.00197660e+01 2.04793678e+01 2.04793678e+01
 3.83608935e+01 3.83608935e+01 3.83608935e+01 4.36779000e+01
 4.56178042e+01 4.56178042e+01 9.66089195e+01 1.28392481e+02
 1.28392481e+02 2.11651221e+02 3.56663552e+02 3.56663552e+02
 4.55318842e+02 5.28934839e+02 5.28934839e+02 5.28934839e+02
 9.78312861e+02 9.87611340e+02 9.87611340e+02 2.17391249e+03]
alpha-B3g nocc = 0
   mo_energy = [6.47687425e-02 5.60644162e-01 1.37258706e+00 1.37258706e+00
 1.65928119e+00 3.96373081e+00 3.96373081e+00 4.03888447e+00
 6.67818442e+00 6.67818442e+00 6.67818442e+00 9.12330326e+00
 9.27063840e+00 9.27063840e+00 1.61875856e+01 1.61875856e+01
 1.61875856e+01 2.00197660e+01 2.04793678e+01 2.04793678e+01
 3.83608935e+01 3.83608935e+01 3.83608935e+01 4.36779000e+01
 4.56178042e+01 4.56178042e+01 9.66089195e+01 1.28392481e+02
 1.28392481e+02 2.11651221e+02 3.56663552e+02 3.56663552e+02
 4.55318842e+02 5.28934839e+02 5.28934839e+02 5.28934839e+02
 9.78312861e+02 9.87611340e+02 9.87611340e+02 2.17391249e+03]
alpha-Au nocc = 0
   mo_energy = [4.20531637e-01 1.54330403e+00 3.01748728e+00 3.01748728e+00
 3.82899277e+00 7.69124459e+00 7.69124459e+00 8.41686700e+00
 9.61779537e+00 9.61779537e+00 9.61779537e+00 1.76687246e+01
 1.76687246e+01 1.78393417e+01 2.67112128e+01 2.67112128e+01
 2.67112128e+01 3.80329708e+01 4.08952438e+01 4.08952438e+01
 9.12829244e+01 2.24291699e+02 2.25214775e+02 2.25214775e+02
 5.45831236e+02 7.46151222e+02 7.46151222e+02 1.36137764e+03]
alpha-B1u nocc = 1  HOMO = -1.33078631572838  LUMO = -0.101110804710068
   mo_energy = [-1.33078632e+00 -1.01110805e-01  4.43101012e-02  4.20531637e-01
  4.20531637e-01  4.90003364e-01  1.54330403e+00  1.54330403e+00
  1.63237715e+00  3.01748728e+00  3.01748728e+00  3.01748728e+00
  3.82899277e+00  3.82899277e+00  4.25262538e+00  7.69124459e+00
  7.69124459e+00  7.69124459e+00  8.41686700e+00  8.41686700e+00
  9.61779537e+00  9.61779537e+00  9.61779537e+00  9.61779537e+00
  9.94217638e+00  1.76687246e+01  1.76687246e+01  1.76687246e+01
  1.78393417e+01  1.78393417e+01  2.17752011e+01  2.67112128e+01
  2.67112128e+01  2.67112128e+01  2.67112128e+01  3.80329708e+01
  3.80329708e+01  4.08952438e+01  4.08952438e+01  4.08952438e+01
  4.45262626e+01  8.39339530e+01  9.12829244e+01  9.12829244e+01
  1.47095222e+02  2.24291699e+02  2.24291699e+02  2.25214775e+02
  2.25214775e+02  2.25214775e+02  2.44544871e+02  3.93084335e+02
  5.45831236e+02  5.45831236e+02  6.20630443e+02  7.46151222e+02
  7.46151222e+02  7.46151222e+02  9.72383751e+02  1.36137764e+03
  1.36137764e+03  1.52990494e+03  2.43801907e+03  4.00845197e+03
  7.47116828e+03]
alpha-B2u nocc = 1  HOMO = -1.33078631572868  LUMO = -0.101110804709866
   mo_energy = [-1.33078632e+00 -1.01110805e-01  4.43101012e-02  4.20531637e-01
  4.20531637e-01  4.90003364e-01  1.54330403e+00  1.54330403e+00
  1.63237715e+00  3.01748728e+00  3.01748728e+00  3.01748728e+00
  3.82899277e+00  3.82899277e+00  4.25262538e+00  7.69124459e+00
  7.69124459e+00  7.69124459e+00  8.41686700e+00  8.41686700e+00
  9.61779537e+00  9.61779537e+00  9.61779537e+00  9.61779537e+00
  9.94217639e+00  1.76687246e+01  1.76687246e+01  1.76687246e+01
  1.78393417e+01  1.78393417e+01  2.17752012e+01  2.67112128e+01
  2.67112128e+01  2.67112128e+01  2.67112128e+01  3.80329708e+01
  3.80329708e+01  4.08952438e+01  4.08952438e+01  4.08952438e+01
  4.45262628e+01  8.39339536e+01  9.12829244e+01  9.12829244e+01
  1.47095223e+02  2.24291699e+02  2.24291699e+02  2.25214775e+02
  2.25214775e+02  2.25214775e+02  2.44544873e+02  3.93084337e+02
  5.45831236e+02  5.45831236e+02  6.20630444e+02  7.46151222e+02
  7.46151222e+02  7.46151222e+02  9.72383752e+02  1.36137764e+03
  1.36137764e+03  1.52990494e+03  2.43801907e+03  4.00845197e+03
  7.47116828e+03]
alpha-B3u nocc = 1  HOMO = -1.33078631572848  LUMO = -0.101110804710217
   mo_energy = [-1.33078632e+00 -1.01110805e-01  4.43101012e-02  4.20531637e-01
  4.20531637e-01  4.90003364e-01  1.54330403e+00  1.54330403e+00
  1.63237715e+00  3.01748728e+00  3.01748728e+00  3.01748728e+00
  3.82899277e+00  3.82899277e+00  4.25262538e+00  7.69124459e+00
  7.69124459e+00  7.69124459e+00  8.41686700e+00  8.41686700e+00
  9.61779537e+00  9.61779537e+00  9.61779537e+00  9.61779537e+00
  9.94217639e+00  1.76687246e+01  1.76687246e+01  1.76687246e+01
  1.78393417e+01  1.78393417e+01  2.17752011e+01  2.67112128e+01
  2.67112128e+01  2.67112128e+01  2.67112128e+01  3.80329708e+01
  3.80329708e+01  4.08952438e+01  4.08952438e+01  4.08952438e+01
  4.45262627e+01  8.39339532e+01  9.12829244e+01  9.12829244e+01
  1.47095222e+02  2.24291699e+02  2.24291699e+02  2.25214775e+02
  2.25214775e+02  2.25214775e+02  2.44544872e+02  3.93084336e+02
  5.45831236e+02  5.45831236e+02  6.20630443e+02  7.46151222e+02
  7.46151222e+02  7.46151222e+02  9.72383752e+02  1.36137764e+03
  1.36137764e+03  1.52990494e+03  2.43801907e+03  4.00845197e+03
  7.47116828e+03]
beta-Ag nocc = 2  HOMO = -1.53066802976754  LUMO = -0.13443417585222
   mo_energy = [-2.12780401e+01 -1.53066803e+00 -1.34434176e-01  7.08028192e-02
  7.08028192e-02  2.28591485e-01  6.04746107e-01  6.04746107e-01
  1.35264788e+00  1.37611902e+00  1.37611902e+00  1.37611902e+00
  1.76923712e+00  1.76923712e+00  3.98707308e+00  3.98707308e+00
  3.98707308e+00  4.18459213e+00  4.18459213e+00  4.38116354e+00
  6.68834904e+00  6.68834904e+00  6.68834904e+00  6.68834904e+00
  9.25957741e+00  9.25957741e+00  9.32628091e+00  9.32628091e+00
  9.32628091e+00  1.18067283e+01  1.62175197e+01  1.62175197e+01
  1.62175197e+01  1.62175197e+01  2.01235450e+01  2.01235450e+01
  2.05528233e+01  2.05528233e+01  2.05528233e+01  2.79723072e+01
  3.84072117e+01  3.84072117e+01  3.84072117e+01  3.84072117e+01
  4.37449848e+01  4.37449848e+01  4.56818520e+01  4.56818520e+01
  4.56818520e+01  5.85721894e+01  9.66455941e+01  9.66455941e+01
  1.10041421e+02  1.28426667e+02  1.28426667e+02  1.28426667e+02
  1.89975718e+02  2.11668729e+02  2.11668729e+02  3.08741145e+02
  3.56675578e+02  3.56675578e+02  3.56675578e+02  4.55326521e+02
  4.55326521e+02  4.81652723e+02  5.28943644e+02  5.28943644e+02
  5.28943644e+02  5.28943644e+02  7.32022326e+02  9.78316012e+02
  9.78316012e+02  9.87614778e+02  9.87614778e+02  9.87614778e+02
  1.09561781e+03  1.62906003e+03  2.17391368e+03  2.17391368e+03
  2.42542268e+03  3.65276906e+03  5.66967321e+03  9.63249174e+03
  1.96172496e+04  4.97201336e+04  1.54694189e+05  6.03718073e+05
  3.43269793e+06]
beta-B1g nocc = 0
   mo_energy = [7.08028192e-02 6.04746107e-01 1.37611902e+00 1.37611902e+00
 1.76923712e+00 3.98707308e+00 3.98707308e+00 4.18459213e+00
 6.68834904e+00 6.68834904e+00 6.68834904e+00 9.25957741e+00
 9.32628091e+00 9.32628091e+00 1.62175197e+01 1.62175197e+01
 1.62175197e+01 2.01235450e+01 2.05528233e+01 2.05528233e+01
 3.84072117e+01 3.84072117e+01 3.84072117e+01 4.37449848e+01
 4.56818520e+01 4.56818520e+01 9.66455941e+01 1.28426667e+02
 1.28426667e+02 2.11668729e+02 3.56675578e+02 3.56675578e+02
 4.55326521e+02 5.28943644e+02 5.28943644e+02 5.28943644e+02
 9.78316012e+02 9.87614778e+02 9.87614778e+02 2.17391368e+03]
beta-B2g nocc = 0
   mo_energy = [7.08028192e-02 6.04746107e-01 1.37611902e+00 1.37611902e+00
 1.76923712e+00 3.98707308e+00 3.98707308e+00 4.18459213e+00
 6.68834904e+00 6.68834904e+00 6.68834904e+00 9.25957741e+00
 9.32628091e+00 9.32628091e+00 1.62175197e+01 1.62175197e+01
 1.62175197e+01 2.01235450e+01 2.05528233e+01 2.05528233e+01
 3.84072117e+01 3.84072117e+01 3.84072117e+01 4.37449848e+01
 4.56818520e+01 4.56818520e+01 9.66455941e+01 1.28426667e+02
 1.28426667e+02 2.11668729e+02 3.56675578e+02 3.56675578e+02
 4.55326521e+02 5.28943644e+02 5.28943644e+02 5.28943644e+02
 9.78316012e+02 9.87614778e+02 9.87614778e+02 2.17391368e+03]
beta-B3g nocc = 0
   mo_energy = [7.08028192e-02 6.04746107e-01 1.37611902e+00 1.37611902e+00
 1.76923712e+00 3.98707308e+00 3.98707308e+00 4.18459213e+00
 6.68834904e+00 6.68834904e+00 6.68834904e+00 9.25957741e+00
 9.32628091e+00 9.32628091e+00 1.62175197e+01 1.62175197e+01
 1.62175197e+01 2.01235450e+01 2.05528233e+01 2.05528233e+01
 3.84072117e+01 3.84072117e+01 3.84072117e+01 4.37449848e+01
 4.56818520e+01 4.56818520e+01 9.66455941e+01 1.28426667e+02
 1.28426667e+02 2.11668729e+02 3.56675578e+02 3.56675578e+02
 4.55326521e+02 5.28943644e+02 5.28943644e+02 5.28943644e+02
 9.78316012e+02 9.87614778e+02 9.87614778e+02 2.17391368e+03]
beta-Au nocc = 0
   mo_energy = [4.22564599e-01 1.56299624e+00 3.02274955e+00 3.02274955e+00
 3.88752365e+00 7.71539537e+00 7.71539537e+00 8.50786495e+00
 9.62768615e+00 9.62768615e+00 9.62768615e+00 1.77184124e+01
 1.77184124e+01 1.79337669e+01 2.67422789e+01 2.67422789e+01
 2.67422789e+01 3.81071699e+01 4.09531858e+01 4.09531858e+01
 9.13256413e+01 2.24309934e+02 2.25236916e+02 2.25236916e+02
 5.45837913e+02 7.46156616e+02 7.46156616e+02 1.36137979e+03]
beta-B1u nocc = 0
   mo_energy = [-3.82314657e-01 -8.69628386e-02  7.92845861e-02  4.22564599e-01
  4.22564599e-01  5.68028391e-01  1.56299624e+00  1.56299624e+00
  1.74422641e+00  3.02274955e+00  3.02274955e+00  3.02274955e+00
  3.88752365e+00  3.88752365e+00  4.37205610e+00  7.71539537e+00
  7.71539537e+00  7.71539537e+00  8.50786495e+00  8.50786495e+00
  9.62768615e+00  9.62768615e+00  9.62768615e+00  9.62768615e+00
  1.00472420e+01  1.77184124e+01  1.77184124e+01  1.77184124e+01
  1.79337669e+01  1.79337669e+01  2.18545769e+01  2.67422789e+01
  2.67422789e+01  2.67422789e+01  2.67422789e+01  3.81071699e+01
  3.81071699e+01  4.09531858e+01  4.09531858e+01  4.09531858e+01
  4.45797598e+01  8.39682831e+01  9.13256413e+01  9.13256413e+01
  1.47117155e+02  2.24309934e+02  2.24309934e+02  2.25236916e+02
  2.25236916e+02  2.25236916e+02  2.44558932e+02  3.93093296e+02
  5.45837913e+02  5.45837913e+02  6.20636049e+02  7.46156616e+02
  7.46156616e+02  7.46156616e+02  9.72387166e+02  1.36137979e+03
  1.36137979e+03  1.52990695e+03  2.43802021e+03  4.00845258e+03
  7.47116857e+03]
beta-B2u nocc = 0
   mo_energy = [-3.82314657e-01 -8.69628386e-02  7.92845861e-02  4.22564599e-01
  4.22564599e-01  5.68028391e-01  1.56299624e+00  1.56299624e+00
  1.74422641e+00  3.02274955e+00  3.02274955e+00  3.02274955e+00
  3.88752365e+00  3.88752365e+00  4.37205610e+00  7.71539537e+00
  7.71539537e+00  7.71539537e+00  8.50786495e+00  8.50786495e+00
  9.62768615e+00  9.62768615e+00  9.62768615e+00  9.62768615e+00
  1.00472420e+01  1.77184124e+01  1.77184124e+01  1.77184124e+01
  1.79337669e+01  1.79337669e+01  2.18545769e+01  2.67422789e+01
  2.67422789e+01  2.67422789e+01  2.67422789e+01  3.81071699e+01
  3.81071699e+01  4.09531858e+01  4.09531858e+01  4.09531858e+01
  4.45797601e+01  8.39682840e+01  9.13256413e+01  9.13256413e+01
  1.47117156e+02  2.24309934e+02  2.24309934e+02  2.25236916e+02
  2.25236916e+02  2.25236916e+02  2.44558934e+02  3.93093298e+02
  5.45837913e+02  5.45837913e+02  6.20636050e+02  7.46156616e+02
  7.46156616e+02  7.46156616e+02  9.72387167e+02  1.36137979e+03
  1.36137979e+03  1.52990695e+03  2.43802021e+03  4.00845258e+03
  7.47116857e+03]
beta-B3u nocc = 0
   mo_energy = [-3.82314657e-01 -8.69628386e-02  7.92845861e-02  4.22564599e-01
  4.22564599e-01  5.68028391e-01  1.56299624e+00  1.56299624e+00
  1.74422641e+00  3.02274955e+00  3.02274955e+00  3.02274955e+00
  3.88752365e+00  3.88752365e+00  4.37205610e+00  7.71539537e+00
  7.71539537e+00  7.71539537e+00  8.50786495e+00  8.50786495e+00
  9.62768615e+00  9.62768615e+00  9.62768615e+00  9.62768615e+00
  1.00472420e+01  1.77184124e+01  1.77184124e+01  1.77184124e+01
  1.79337669e+01  1.79337669e+01  2.18545769e+01  2.67422789e+01
  2.67422789e+01  2.67422789e+01  2.67422789e+01  3.81071699e+01
  3.81071699e+01  4.09531858e+01  4.09531858e+01  4.09531858e+01
  4.45797601e+01  8.39682839e+01  9.13256413e+01  9.13256413e+01
  1.47117156e+02  2.24309934e+02  2.24309934e+02  2.25236916e+02
  2.25236916e+02  2.25236916e+02  2.44558934e+02  3.93093298e+02
  5.45837913e+02  5.45837913e+02  6.20636050e+02  7.46156616e+02
  7.46156616e+02  7.46156616e+02  9.72387167e+02  1.36137979e+03
  1.36137979e+03  1.52990695e+03  2.43802021e+03  4.00845258e+03
  7.47116857e+03]
multiplicity <S^2> = 3.755558  2S+1 = 4.0027781
E1 = -98.47088435355448  Ecoul = 24.09375443706972
cycle= 1 E= -74.3771299164848  delta_E= -1.01e-05  |g|= 0.000199  |ddm|= 0.598
    CPU time for cycle= 1    216.32 sec, wall time      1.29 sec


E1 = -98.47089252830546  Ecoul = 24.09376260628162
Extra cycle  E= -74.3771299220238  delta_E= -1.42e-14  |g|= 8.23e-09  |ddm|= 9.84e-10
    CPU time for scf_cycle 389545.91 sec, wall time   2446.58 sec
    CPU time for SCF 389548.97 sec, wall time   2446.63 sec
converged SCF energy = -74.3771299220238  <S^2> = 3.7555582  2S+1 = 4.0027781
